6000.00   0.300000
4200.00   0.300000
2500.00   0.300000
1500.00   0.300000
500.000   0.300000
150.000   0.300000
4500.00   0.300000



6000.00   0.300000
4200.00   0.300000
2500.00   0.300000
1500.00   0.300000
500.000   0.300000
150.000   0.300000
4500.00   0.300000


6000.00   0.300000
500.00    0.300000
500.00    0.300000
500.00    0.300000
500.00    0.300000
500.00    0.300000
4500.00   0.300000




















































































































