0 3 0 1132 1355 1357
1 3 0 1355 1356 1357
2 3 0 1355 1181 1356
3 3 0 1357 1356 1183
4 3 0 1181 1358 1356
5 3 0 1358 1359 1356
6 3 0 1358 1182 1359
7 3 0 1356 1359 1183
8 3 0 1181 1360 1358
9 3 0 1360 1361 1358
10 3 0 1360 1148 1361
11 3 0 1358 1361 1182
12 3 0 1183 1359 1363
13 3 0 1359 1362 1363
14 3 0 1359 1182 1362
15 3 0 1363 1362 1164
16 3 0 1157 1364 1366
17 3 0 1364 1365 1366
18 3 0 1364 1184 1365
19 3 0 1366 1365 1186
20 3 0 1184 1367 1365
21 3 0 1367 1368 1365
22 3 0 1367 1185 1368
23 3 0 1365 1368 1186
24 3 0 1184 1369 1367
25 3 0 1369 1370 1367
26 3 0 1369 1133 1370
27 3 0 1367 1370 1185
28 3 0 1186 1368 1372
29 3 0 1368 1371 1372
30 3 0 1368 1185 1371
31 3 0 1372 1371 1158
32 3 0 1148 1360 1374
33 3 0 1360 1373 1374
34 3 0 1360 1181 1373
35 3 0 1374 1373 1188
36 3 0 1181 1375 1373
37 3 0 1375 1376 1373
38 3 0 1375 1187 1376
39 3 0 1373 1376 1188
40 3 0 1181 1355 1375
41 3 0 1355 1377 1375
42 3 0 1355 1132 1377
43 3 0 1375 1377 1187
44 3 0 1188 1376 1379
45 3 0 1376 1378 1379
46 3 0 1376 1187 1378
47 3 0 1379 1378 1172
48 3 0 1137 1380 1382
49 3 0 1380 1381 1382
50 3 0 1380 1189 1381
51 3 0 1382 1381 1191
52 3 0 1189 1383 1381
53 3 0 1383 1384 1381
54 3 0 1383 1190 1384
55 3 0 1381 1384 1191
56 3 0 1189 1385 1383
57 3 0 1385 1386 1383
58 3 0 1385 1155 1386
59 3 0 1383 1386 1190
60 3 0 1191 1384 1388
61 3 0 1384 1387 1388
62 3 0 1384 1190 1387
63 3 0 1388 1387 1156
64 3 0 1141 1389 1391
65 3 0 1389 1390 1391
66 3 0 1389 1192 1390
67 3 0 1391 1390 1194
68 3 0 1192 1392 1390
69 3 0 1392 1393 1390
70 3 0 1392 1193 1393
71 3 0 1390 1393 1194
72 3 0 1192 1394 1392
73 3 0 1394 1395 1392
74 3 0 1394 1149 1395
75 3 0 1392 1395 1193
76 3 0 1194 1393 1397
77 3 0 1393 1396 1397
78 3 0 1393 1193 1396
79 3 0 1397 1396 1151
80 3 0 1133 1369 1399
81 3 0 1369 1398 1399
82 3 0 1369 1184 1398
83 3 0 1399 1398 1196
84 3 0 1184 1400 1398
85 3 0 1400 1401 1398
86 3 0 1400 1195 1401
87 3 0 1398 1401 1196
88 3 0 1184 1364 1400
89 3 0 1364 1402 1400
90 3 0 1364 1157 1402
91 3 0 1400 1402 1195
92 3 0 1196 1401 1404
93 3 0 1401 1403 1404
94 3 0 1401 1195 1403
95 3 0 1404 1403 1170
96 3 0 1155 1385 1406
97 3 0 1385 1405 1406
98 3 0 1385 1189 1405
99 3 0 1406 1405 1198
100 3 0 1189 1407 1405
101 3 0 1407 1408 1405
102 3 0 1407 1197 1408
103 3 0 1405 1408 1198
104 3 0 1189 1380 1407
105 3 0 1380 1409 1407
106 3 0 1380 1137 1409
107 3 0 1407 1409 1197
108 3 0 1198 1408 1411
109 3 0 1408 1410 1411
110 3 0 1408 1197 1410
111 3 0 1411 1410 1173
112 3 0 1141 1391 1413
113 3 0 1391 1412 1413
114 3 0 1391 1194 1412
115 3 0 1413 1412 1200
116 3 0 1194 1414 1412
117 3 0 1414 1415 1412
118 3 0 1414 1199 1415
119 3 0 1412 1415 1200
120 3 0 1194 1397 1414
121 3 0 1397 1416 1414
122 3 0 1397 1151 1416
123 3 0 1414 1416 1199
124 3 0 1200 1415 1418
125 3 0 1415 1417 1418
126 3 0 1415 1199 1417
127 3 0 1418 1417 1171
128 3 0 1136 1419 1421
129 3 0 1419 1420 1421
130 3 0 1419 1201 1420
131 3 0 1421 1420 1203
132 3 0 1201 1422 1420
133 3 0 1422 1423 1420
134 3 0 1422 1202 1423
135 3 0 1420 1423 1203
136 3 0 1201 1424 1422
137 3 0 1424 1425 1422
138 3 0 1424 1151 1425
139 3 0 1422 1425 1202
140 3 0 1203 1423 1427
141 3 0 1423 1426 1427
142 3 0 1423 1202 1426
143 3 0 1427 1426 1152
144 3 0 1136 1421 1429
145 3 0 1421 1428 1429
146 3 0 1421 1203 1428
147 3 0 1429 1428 1205
148 3 0 1203 1430 1428
149 3 0 1430 1431 1428
150 3 0 1430 1204 1431
151 3 0 1428 1431 1205
152 3 0 1203 1427 1430
153 3 0 1427 1432 1430
154 3 0 1427 1152 1432
155 3 0 1430 1432 1204
156 3 0 1205 1431 1434
157 3 0 1431 1433 1434
158 3 0 1431 1204 1433
159 3 0 1434 1433 1155
160 3 0 1142 1435 1437
161 3 0 1435 1436 1437
162 3 0 1435 1206 1436
163 3 0 1437 1436 1208
164 3 0 1206 1438 1436
165 3 0 1438 1439 1436
166 3 0 1438 1207 1439
167 3 0 1436 1439 1208
168 3 0 1206 1440 1438
169 3 0 1440 1441 1438
170 3 0 1440 1143 1441
171 3 0 1438 1441 1207
172 3 0 1208 1439 1443
173 3 0 1439 1442 1443
174 3 0 1439 1207 1442
175 3 0 1443 1442 1165
176 3 0 1148 1444 1361
177 3 0 1444 1445 1361
178 3 0 1444 1209 1445
179 3 0 1361 1445 1182
180 3 0 1209 1446 1445
181 3 0 1446 1447 1445
182 3 0 1446 1210 1447
183 3 0 1445 1447 1182
184 3 0 1209 1448 1446
185 3 0 1448 1449 1446
186 3 0 1448 1147 1449
187 3 0 1446 1449 1210
188 3 0 1182 1447 1362
189 3 0 1447 1450 1362
190 3 0 1447 1210 1450
191 3 0 1362 1450 1164
192 3 0 1159 1451 1453
193 3 0 1451 1452 1453
194 3 0 1451 1211 1452
195 3 0 1453 1452 1213
196 3 0 1211 1454 1452
197 3 0 1454 1455 1452
198 3 0 1454 1212 1455
199 3 0 1452 1455 1213
200 3 0 1211 1456 1454
201 3 0 1456 1457 1454
202 3 0 1456 1153 1457
203 3 0 1454 1457 1212
204 3 0 1213 1455 1459
205 3 0 1455 1458 1459
206 3 0 1455 1212 1458
207 3 0 1459 1458 1172
208 3 0 1149 1394 1461
209 3 0 1394 1460 1461
210 3 0 1394 1192 1460
211 3 0 1461 1460 1215
212 3 0 1192 1462 1460
213 3 0 1462 1463 1460
214 3 0 1462 1214 1463
215 3 0 1460 1463 1215
216 3 0 1192 1389 1462
217 3 0 1389 1464 1462
218 3 0 1389 1141 1464
219 3 0 1462 1464 1214
220 3 0 1215 1463 1466
221 3 0 1463 1465 1466
222 3 0 1463 1214 1465
223 3 0 1466 1465 1163
224 3 0 1137 1382 1468
225 3 0 1382 1467 1468
226 3 0 1382 1191 1467
227 3 0 1468 1467 1217
228 3 0 1191 1469 1467
229 3 0 1469 1470 1467
230 3 0 1469 1216 1470
231 3 0 1467 1470 1217
232 3 0 1191 1388 1469
233 3 0 1388 1471 1469
234 3 0 1388 1156 1471
235 3 0 1469 1471 1216
236 3 0 1217 1470 1473
237 3 0 1470 1472 1473
238 3 0 1470 1216 1472
239 3 0 1473 1472 1167
240 3 0 1153 1456 1475
241 3 0 1456 1474 1475
242 3 0 1456 1211 1474
243 3 0 1475 1474 1219
244 3 0 1211 1476 1474
245 3 0 1476 1477 1474
246 3 0 1476 1218 1477
247 3 0 1474 1477 1219
248 3 0 1211 1451 1476
249 3 0 1451 1478 1476
250 3 0 1451 1159 1478
251 3 0 1476 1478 1218
252 3 0 1219 1477 1480
253 3 0 1477 1479 1480
254 3 0 1477 1218 1479
255 3 0 1480 1479 1170
256 3 0 1140 1481 1483
257 3 0 1481 1482 1483
258 3 0 1481 1220 1482
259 3 0 1483 1482 1222
260 3 0 1220 1484 1482
261 3 0 1484 1485 1482
262 3 0 1484 1221 1485
263 3 0 1482 1485 1222
264 3 0 1220 1486 1484
265 3 0 1486 1487 1484
266 3 0 1486 1162 1487
267 3 0 1484 1487 1221
268 3 0 1222 1485 1489
269 3 0 1485 1488 1489
270 3 0 1485 1221 1488
271 3 0 1489 1488 1166
272 3 0 1165 1442 1491
273 3 0 1442 1490 1491
274 3 0 1442 1207 1490
275 3 0 1491 1490 1224
276 3 0 1207 1492 1490
277 3 0 1492 1493 1490
278 3 0 1492 1223 1493
279 3 0 1490 1493 1224
280 3 0 1207 1441 1492
281 3 0 1441 1494 1492
282 3 0 1441 1143 1494
283 3 0 1492 1494 1223
284 3 0 1224 1493 1496
285 3 0 1493 1495 1496
286 3 0 1493 1223 1495
287 3 0 1496 1495 1180
288 3 0 1157 1366 1498
289 3 0 1366 1497 1498
290 3 0 1366 1186 1497
291 3 0 1498 1497 1226
292 3 0 1186 1499 1497
293 3 0 1499 1500 1497
294 3 0 1499 1225 1500
295 3 0 1497 1500 1226
296 3 0 1186 1372 1499
297 3 0 1372 1501 1499
298 3 0 1372 1158 1501
299 3 0 1499 1501 1225
300 3 0 1226 1500 1503
301 3 0 1500 1502 1503
302 3 0 1500 1225 1502
303 3 0 1503 1502 1169
304 3 0 1152 1504 1432
305 3 0 1504 1505 1432
306 3 0 1504 1227 1505
307 3 0 1432 1505 1204
308 3 0 1227 1506 1505
309 3 0 1506 1507 1505
310 3 0 1506 1228 1507
311 3 0 1505 1507 1204
312 3 0 1227 1508 1506
313 3 0 1508 1509 1506
314 3 0 1508 1154 1509
315 3 0 1506 1509 1228
316 3 0 1204 1507 1433
317 3 0 1507 1510 1433
318 3 0 1507 1228 1510
319 3 0 1433 1510 1155
320 3 0 1155 1510 1386
321 3 0 1510 1511 1386
322 3 0 1510 1228 1511
323 3 0 1386 1511 1190
324 3 0 1228 1512 1511
325 3 0 1512 1513 1511
326 3 0 1512 1229 1513
327 3 0 1511 1513 1190
328 3 0 1228 1509 1512
329 3 0 1509 1514 1512
330 3 0 1509 1154 1514
331 3 0 1512 1514 1229
332 3 0 1190 1513 1387
333 3 0 1513 1515 1387
334 3 0 1513 1229 1515
335 3 0 1387 1515 1156
336 3 0 1132 1516 1377
337 3 0 1516 1517 1377
338 3 0 1516 1230 1517
339 3 0 1377 1517 1187
340 3 0 1230 1518 1517
341 3 0 1518 1519 1517
342 3 0 1518 1213 1519
343 3 0 1517 1519 1187
344 3 0 1230 1520 1518
345 3 0 1520 1453 1518
346 3 0 1520 1159 1453
347 3 0 1518 1453 1213
348 3 0 1187 1519 1378
349 3 0 1519 1459 1378
350 3 0 1519 1213 1459
351 3 0 1378 1459 1172
352 3 0 1140 1483 1522
353 3 0 1483 1521 1522
354 3 0 1483 1222 1521
355 3 0 1522 1521 1232
356 3 0 1222 1523 1521
357 3 0 1523 1524 1521
358 3 0 1523 1231 1524
359 3 0 1521 1524 1232
360 3 0 1222 1489 1523
361 3 0 1489 1525 1523
362 3 0 1489 1166 1525
363 3 0 1523 1525 1231
364 3 0 1232 1524 1527
365 3 0 1524 1526 1527
366 3 0 1524 1231 1526
367 3 0 1527 1526 1179
368 3 0 1156 1515 1529
369 3 0 1515 1528 1529
370 3 0 1515 1229 1528
371 3 0 1529 1528 1234
372 3 0 1229 1530 1528
373 3 0 1530 1531 1528
374 3 0 1530 1233 1531
375 3 0 1528 1531 1234
376 3 0 1229 1514 1530
377 3 0 1514 1532 1530
378 3 0 1514 1154 1532
379 3 0 1530 1532 1233
380 3 0 1234 1531 1534
381 3 0 1531 1533 1534
382 3 0 1531 1233 1533
383 3 0 1534 1533 1157
384 3 0 1151 1424 1416
385 3 0 1424 1535 1416
386 3 0 1424 1201 1535
387 3 0 1416 1535 1199
388 3 0 1201 1536 1535
389 3 0 1536 1537 1535
390 3 0 1536 1235 1537
391 3 0 1535 1537 1199
392 3 0 1201 1419 1536
393 3 0 1419 1538 1536
394 3 0 1419 1136 1538
395 3 0 1536 1538 1235
396 3 0 1199 1537 1417
397 3 0 1537 1539 1417
398 3 0 1537 1235 1539
399 3 0 1417 1539 1171
400 3 0 191 190 1541
401 3 0 190 1540 1541
402 3 0 190 189 1540
403 3 0 1541 1540 1237
404 3 0 189 1542 1540
405 3 0 1542 1543 1540
406 3 0 1542 1236 1543
407 3 0 1540 1543 1237
408 3 0 189 188 1542
409 3 0 188 1544 1542
410 3 0 188 187 1544
411 3 0 1542 1544 1236
412 3 0 1237 1543 1546
413 3 0 1543 1545 1546
414 3 0 1543 1236 1545
415 3 0 1546 1545 1135
416 3 0 1135 1545 1548
417 3 0 1545 1547 1548
418 3 0 1545 1236 1547
419 3 0 1548 1547 1239
420 3 0 1236 1549 1547
421 3 0 1549 1550 1547
422 3 0 1549 1238 1550
423 3 0 1547 1550 1239
424 3 0 1236 1544 1549
425 3 0 1544 1551 1549
426 3 0 1544 187 1551
427 3 0 1549 1551 1238
428 3 0 1239 1550 1553
429 3 0 1550 1552 1553
430 3 0 1550 1238 1552
431 3 0 1553 1552 1161
432 3 0 191 1541 1555
433 3 0 1541 1554 1555
434 3 0 1541 1237 1554
435 3 0 1555 1554 1241
436 3 0 1237 1556 1554
437 3 0 1556 1557 1554
438 3 0 1556 1240 1557
439 3 0 1554 1557 1241
440 3 0 1237 1546 1556
441 3 0 1546 1558 1556
442 3 0 1546 1135 1558
443 3 0 1556 1558 1240
444 3 0 1241 1557 1560
445 3 0 1557 1559 1560
446 3 0 1557 1240 1559
447 3 0 1560 1559 1142
448 3 0 1144 1561 1563
449 3 0 1561 1562 1563
450 3 0 1561 1242 1562
451 3 0 1563 1562 1243
452 3 0 1242 1564 1562
453 3 0 1564 1565 1562
454 3 0 1564 1239 1565
455 3 0 1562 1565 1243
456 3 0 1242 1566 1564
457 3 0 1566 1548 1564
458 3 0 1566 1135 1548
459 3 0 1564 1548 1239
460 3 0 1243 1565 1567
461 3 0 1565 1553 1567
462 3 0 1565 1239 1553
463 3 0 1567 1553 1161
464 3 0 1139 1568 1570
465 3 0 1568 1569 1570
466 3 0 1568 1244 1569
467 3 0 1570 1569 1246
468 3 0 1244 1571 1569
469 3 0 1571 1572 1569
470 3 0 1571 1245 1572
471 3 0 1569 1572 1246
472 3 0 1244 1573 1571
473 3 0 1573 1574 1571
474 3 0 1573 1148 1574
475 3 0 1571 1574 1245
476 3 0 1246 1572 1576
477 3 0 1572 1575 1576
478 3 0 1572 1245 1575
479 3 0 1576 1575 1149
480 3 0 110 111 1578
481 3 0 111 1577 1578
482 3 0 111 112 1577
483 3 0 1578 1577 1248
484 3 0 112 1579 1577
485 3 0 1579 1580 1577
486 3 0 1579 1247 1580
487 3 0 1577 1580 1248
488 3 0 112 113 1579
489 3 0 113 1581 1579
490 3 0 113 114 1581
491 3 0 1579 1581 1247
492 3 0 1248 1580 1583
493 3 0 1580 1582 1583
494 3 0 1580 1247 1582
495 3 0 1583 1582 1160
496 3 0 1133 1584 1370
497 3 0 1584 1585 1370
498 3 0 1584 1249 1585
499 3 0 1370 1585 1185
500 3 0 1249 1586 1585
501 3 0 1586 1587 1585
502 3 0 1586 1250 1587
503 3 0 1585 1587 1185
504 3 0 1249 1588 1586
505 3 0 1588 1589 1586
506 3 0 1588 102 1589
507 3 0 1586 1589 1250
508 3 0 1185 1587 1371
509 3 0 1587 1590 1371
510 3 0 1587 1250 1590
511 3 0 1371 1590 1158
512 3 0 175 174 1592
513 3 0 174 1591 1592
514 3 0 174 173 1591
515 3 0 1592 1591 1252
516 3 0 173 1593 1591
517 3 0 1593 1594 1591
518 3 0 1593 1251 1594
519 3 0 1591 1594 1252
520 3 0 173 172 1593
521 3 0 172 1595 1593
522 3 0 172 171 1595
523 3 0 1593 1595 1251
524 3 0 1252 1594 1597
525 3 0 1594 1596 1597
526 3 0 1594 1251 1596
527 3 0 1597 1596 1136
528 3 0 1142 1559 1435
529 3 0 1559 1598 1435
530 3 0 1559 1240 1598
531 3 0 1435 1598 1206
532 3 0 1240 1599 1598
533 3 0 1599 1600 1598
534 3 0 1599 1253 1600
535 3 0 1598 1600 1206
536 3 0 1240 1558 1599
537 3 0 1558 1601 1599
538 3 0 1558 1135 1601
539 3 0 1599 1601 1253
540 3 0 1206 1600 1440
541 3 0 1600 1602 1440
542 3 0 1600 1253 1602
543 3 0 1440 1602 1143
544 3 0 129 130 1604
545 3 0 130 1603 1604
546 3 0 130 131 1603
547 3 0 1604 1603 1255
548 3 0 131 1605 1603
549 3 0 1605 1606 1603
550 3 0 1605 1254 1606
551 3 0 1603 1606 1255
552 3 0 131 132 1605
553 3 0 132 1607 1605
554 3 0 132 133 1607
555 3 0 1605 1607 1254
556 3 0 1255 1606 1609
557 3 0 1606 1608 1609
558 3 0 1606 1254 1608
559 3 0 1609 1608 1138
560 3 0 1139 1610 1568
561 3 0 1610 1611 1568
562 3 0 1610 1256 1611
563 3 0 1568 1611 1244
564 3 0 1256 1612 1611
565 3 0 1612 1613 1611
566 3 0 1612 1209 1613
567 3 0 1611 1613 1244
568 3 0 1256 1614 1612
569 3 0 1614 1448 1612
570 3 0 1614 1147 1448
571 3 0 1612 1448 1209
572 3 0 1244 1613 1573
573 3 0 1613 1444 1573
574 3 0 1613 1209 1444
575 3 0 1573 1444 1148
576 3 0 1151 1615 1425
577 3 0 1615 1616 1425
578 3 0 1615 1257 1616
579 3 0 1425 1616 1202
580 3 0 1257 1617 1616
581 3 0 1617 1618 1616
582 3 0 1617 1258 1618
583 3 0 1616 1618 1202
584 3 0 1257 1619 1617
585 3 0 1619 1620 1617
586 3 0 1619 1150 1620
587 3 0 1617 1620 1258
588 3 0 1202 1618 1426
589 3 0 1618 1621 1426
590 3 0 1618 1258 1621
591 3 0 1426 1621 1152
592 3 0 106 107 1623
593 3 0 107 1622 1623
594 3 0 107 108 1622
595 3 0 1623 1622 1260
596 3 0 108 1624 1622
597 3 0 1624 1625 1622
598 3 0 1624 1259 1625
599 3 0 1622 1625 1260
600 3 0 108 109 1624
601 3 0 109 1626 1624
602 3 0 109 110 1626
603 3 0 1624 1626 1259
604 3 0 1260 1625 1628
605 3 0 1625 1627 1628
606 3 0 1625 1259 1627
607 3 0 1628 1627 1134
608 3 0 114 1629 1581
609 3 0 1629 1630 1581
610 3 0 1629 1261 1630
611 3 0 1581 1630 1247
612 3 0 1261 1631 1630
613 3 0 1631 1632 1630
614 3 0 1631 1262 1632
615 3 0 1630 1632 1247
616 3 0 1261 1633 1631
617 3 0 1633 1634 1631
618 3 0 1633 1140 1634
619 3 0 1631 1634 1262
620 3 0 1247 1632 1582
621 3 0 1632 1635 1582
622 3 0 1632 1262 1635
623 3 0 1582 1635 1160
624 3 0 1139 1636 1610
625 3 0 1636 1637 1610
626 3 0 1636 1263 1637
627 3 0 1610 1637 1256
628 3 0 1263 1638 1637
629 3 0 1638 1639 1637
630 3 0 1638 1264 1639
631 3 0 1637 1639 1256
632 3 0 1263 1640 1638
633 3 0 1640 1641 1638
634 3 0 1640 75 1641
635 3 0 1638 1641 1264
636 3 0 1256 1639 1614
637 3 0 1639 1642 1614
638 3 0 1639 1264 1642
639 3 0 1614 1642 1147
640 3 0 1132 1643 1516
641 3 0 1643 1644 1516
642 3 0 1643 1265 1644
643 3 0 1516 1644 1230
644 3 0 1265 1645 1644
645 3 0 1645 1646 1644
646 3 0 1645 1266 1646
647 3 0 1644 1646 1230
648 3 0 1265 1647 1645
649 3 0 1647 1648 1645
650 3 0 1647 94 1648
651 3 0 1645 1648 1266
652 3 0 1230 1646 1520
653 3 0 1646 1649 1520
654 3 0 1646 1266 1649
655 3 0 1520 1649 1159
656 3 0 90 91 1651
657 3 0 91 1650 1651
658 3 0 91 92 1650
659 3 0 1651 1650 1267
660 3 0 92 1652 1650
661 3 0 1652 1653 1650
662 3 0 1652 1265 1653
663 3 0 1650 1653 1267
664 3 0 92 93 1652
665 3 0 93 1647 1652
666 3 0 93 94 1647
667 3 0 1652 1647 1265
668 3 0 1267 1653 1654
669 3 0 1653 1643 1654
670 3 0 1653 1265 1643
671 3 0 1654 1643 1132
672 3 0 98 99 1656
673 3 0 99 1655 1656
674 3 0 99 100 1655
675 3 0 1656 1655 1268
676 3 0 100 1657 1655
677 3 0 1657 1658 1655
678 3 0 1657 1249 1658
679 3 0 1655 1658 1268
680 3 0 100 101 1657
681 3 0 101 1588 1657
682 3 0 101 102 1588
683 3 0 1657 1588 1249
684 3 0 1268 1658 1659
685 3 0 1658 1584 1659
686 3 0 1658 1249 1584
687 3 0 1659 1584 1133
688 3 0 102 103 1589
689 3 0 103 1660 1589
690 3 0 103 104 1660
691 3 0 1589 1660 1250
692 3 0 104 1661 1660
693 3 0 1661 1662 1660
694 3 0 1661 1269 1662
695 3 0 1660 1662 1250
696 3 0 104 105 1661
697 3 0 105 1663 1661
698 3 0 105 106 1663
699 3 0 1661 1663 1269
700 3 0 1250 1662 1590
701 3 0 1662 1664 1590
702 3 0 1662 1269 1664
703 3 0 1590 1664 1158
704 3 0 167 166 1666
705 3 0 166 1665 1666
706 3 0 166 165 1665
707 3 0 1666 1665 1271
708 3 0 165 1667 1665
709 3 0 1667 1668 1665
710 3 0 1667 1270 1668
711 3 0 1665 1668 1271
712 3 0 165 164 1667
713 3 0 164 1669 1667
714 3 0 164 163 1669
715 3 0 1667 1669 1270
716 3 0 1271 1668 1671
717 3 0 1668 1670 1671
718 3 0 1668 1270 1670
719 3 0 1671 1670 1141
720 3 0 183 182 1673
721 3 0 182 1672 1673
722 3 0 182 181 1672
723 3 0 1673 1672 1273
724 3 0 181 1674 1672
725 3 0 1674 1675 1672
726 3 0 1674 1272 1675
727 3 0 1672 1675 1273
728 3 0 181 180 1674
729 3 0 180 1676 1674
730 3 0 180 179 1676
731 3 0 1674 1676 1272
732 3 0 1273 1675 1678
733 3 0 1675 1677 1678
734 3 0 1675 1272 1677
735 3 0 1678 1677 1137
736 3 0 187 186 1551
737 3 0 186 1679 1551
738 3 0 186 185 1679
739 3 0 1551 1679 1238
740 3 0 185 1680 1679
741 3 0 1680 1681 1679
742 3 0 1680 1274 1681
743 3 0 1679 1681 1238
744 3 0 185 184 1680
745 3 0 184 1682 1680
746 3 0 184 183 1682
747 3 0 1680 1682 1274
748 3 0 1238 1681 1552
749 3 0 1681 1683 1552
750 3 0 1681 1274 1683
751 3 0 1552 1683 1161
752 3 0 1149 1575 1685
753 3 0 1575 1684 1685
754 3 0 1575 1245 1684
755 3 0 1685 1684 1276
756 3 0 1245 1686 1684
757 3 0 1686 1687 1684
758 3 0 1686 1275 1687
759 3 0 1684 1687 1276
760 3 0 1245 1574 1686
761 3 0 1574 1688 1686
762 3 0 1574 1148 1688
763 3 0 1686 1688 1275
764 3 0 1276 1687 1690
765 3 0 1687 1689 1690
766 3 0 1687 1275 1689
767 3 0 1690 1689 1150
768 3 0 1152 1621 1692
769 3 0 1621 1691 1692
770 3 0 1621 1258 1691
771 3 0 1692 1691 1278
772 3 0 1258 1693 1691
773 3 0 1693 1694 1691
774 3 0 1693 1277 1694
775 3 0 1691 1694 1278
776 3 0 1258 1620 1693
777 3 0 1620 1695 1693
778 3 0 1620 1150 1695
779 3 0 1693 1695 1277
780 3 0 1278 1694 1697
781 3 0 1694 1696 1697
782 3 0 1694 1277 1696
783 3 0 1697 1696 1153
784 3 0 1134 1627 1699
785 3 0 1627 1698 1699
786 3 0 1627 1259 1698
787 3 0 1699 1698 1279
788 3 0 1259 1700 1698
789 3 0 1700 1701 1698
790 3 0 1700 1248 1701
791 3 0 1698 1701 1279
792 3 0 1259 1626 1700
793 3 0 1626 1578 1700
794 3 0 1626 110 1578
795 3 0 1700 1578 1248
796 3 0 1279 1701 1702
797 3 0 1701 1583 1702
798 3 0 1701 1248 1583
799 3 0 1702 1583 1160
800 3 0 183 1673 1682
801 3 0 1673 1703 1682
802 3 0 1673 1273 1703
803 3 0 1682 1703 1274
804 3 0 1273 1704 1703
805 3 0 1704 1705 1703
806 3 0 1704 1280 1705
807 3 0 1703 1705 1274
808 3 0 1273 1678 1704
809 3 0 1678 1706 1704
810 3 0 1678 1137 1706
811 3 0 1704 1706 1280
812 3 0 1274 1705 1683
813 3 0 1705 1707 1683
814 3 0 1705 1280 1707
815 3 0 1683 1707 1161
816 3 0 195 194 1709
817 3 0 194 1708 1709
818 3 0 194 193 1708
819 3 0 1709 1708 1281
820 3 0 193 1710 1708
821 3 0 1710 1711 1708
822 3 0 1710 1241 1711
823 3 0 1708 1711 1281
824 3 0 193 192 1710
825 3 0 192 1555 1710
826 3 0 192 191 1555
827 3 0 1710 1555 1241
828 3 0 1281 1711 1712
829 3 0 1711 1560 1712
830 3 0 1711 1241 1560
831 3 0 1712 1560 1142
832 3 0 71 72 1714
833 3 0 72 1713 1714
834 3 0 72 73 1713
835 3 0 1714 1713 1282
836 3 0 73 1715 1713
837 3 0 1715 1716 1713
838 3 0 1715 1263 1716
839 3 0 1713 1716 1282
840 3 0 73 74 1715
841 3 0 74 1640 1715
842 3 0 74 75 1640
843 3 0 1715 1640 1263
844 3 0 1282 1716 1717
845 3 0 1716 1636 1717
846 3 0 1716 1263 1636
847 3 0 1717 1636 1139
848 3 0 1143 1718 1720
849 3 0 1718 1719 1720
850 3 0 1718 1283 1719
851 3 0 1720 1719 1285
852 3 0 1283 1721 1719
853 3 0 1721 1722 1719
854 3 0 1721 1284 1722
855 3 0 1719 1722 1285
856 3 0 1283 1723 1721
857 3 0 1723 1724 1721
858 3 0 1723 1144 1724
859 3 0 1721 1724 1284
860 3 0 1285 1722 1726
861 3 0 1722 1725 1726
862 3 0 1722 1284 1725
863 3 0 1726 1725 1145
864 3 0 1152 1692 1504
865 3 0 1692 1727 1504
866 3 0 1692 1278 1727
867 3 0 1504 1727 1227
868 3 0 1278 1728 1727
869 3 0 1728 1729 1727
870 3 0 1728 1286 1729
871 3 0 1727 1729 1227
872 3 0 1278 1697 1728
873 3 0 1697 1730 1728
874 3 0 1697 1153 1730
875 3 0 1728 1730 1286
876 3 0 1227 1729 1508
877 3 0 1729 1731 1508
878 3 0 1729 1286 1731
879 3 0 1508 1731 1154
880 3 0 75 76 1641
881 3 0 76 1732 1641
882 3 0 76 77 1732
883 3 0 1641 1732 1264
884 3 0 77 1733 1732
885 3 0 1733 1734 1732
886 3 0 1733 1287 1734
887 3 0 1732 1734 1264
888 3 0 77 78 1733
889 3 0 78 1735 1733
890 3 0 78 79 1735
891 3 0 1733 1735 1287
892 3 0 1264 1734 1642
893 3 0 1734 1736 1642
894 3 0 1734 1287 1736
895 3 0 1642 1736 1147
896 3 0 98 1656 1738
897 3 0 1656 1737 1738
898 3 0 1656 1268 1737
899 3 0 1738 1737 1289
900 3 0 1268 1739 1737
901 3 0 1739 1740 1737
902 3 0 1739 1288 1740
903 3 0 1737 1740 1289
904 3 0 1268 1659 1739
905 3 0 1659 1741 1739
906 3 0 1659 1133 1741
907 3 0 1739 1741 1288
908 3 0 1289 1740 1743
909 3 0 1740 1742 1743
910 3 0 1740 1288 1742
911 3 0 1743 1742 1159
912 3 0 106 1623 1663
913 3 0 1623 1744 1663
914 3 0 1623 1260 1744
915 3 0 1663 1744 1269
916 3 0 1260 1745 1744
917 3 0 1745 1746 1744
918 3 0 1745 1290 1746
919 3 0 1744 1746 1269
920 3 0 1260 1628 1745
921 3 0 1628 1747 1745
922 3 0 1628 1134 1747
923 3 0 1745 1747 1290
924 3 0 1269 1746 1664
925 3 0 1746 1748 1664
926 3 0 1746 1290 1748
927 3 0 1664 1748 1158
928 3 0 1149 1685 1395
929 3 0 1685 1749 1395
930 3 0 1685 1276 1749
931 3 0 1395 1749 1193
932 3 0 1276 1750 1749
933 3 0 1750 1751 1749
934 3 0 1750 1257 1751
935 3 0 1749 1751 1193
936 3 0 1276 1690 1750
937 3 0 1690 1619 1750
938 3 0 1690 1150 1619
939 3 0 1750 1619 1257
940 3 0 1193 1751 1396
941 3 0 1751 1615 1396
942 3 0 1751 1257 1615
943 3 0 1396 1615 1151
944 3 0 1145 1725 1753
945 3 0 1725 1752 1753
946 3 0 1725 1284 1752
947 3 0 1753 1752 1292
948 3 0 1284 1754 1752
949 3 0 1754 1755 1752
950 3 0 1754 1291 1755
951 3 0 1752 1755 1292
952 3 0 1284 1724 1754
953 3 0 1724 1756 1754
954 3 0 1724 1144 1756
955 3 0 1754 1756 1291
956 3 0 1292 1755 1758
957 3 0 1755 1757 1758
958 3 0 1755 1291 1757
959 3 0 1758 1757 1146
960 3 0 94 95 1648
961 3 0 95 1759 1648
962 3 0 95 96 1759
963 3 0 1648 1759 1266
964 3 0 96 1760 1759
965 3 0 1760 1761 1759
966 3 0 1760 1289 1761
967 3 0 1759 1761 1266
968 3 0 96 97 1760
969 3 0 97 1738 1760
970 3 0 97 98 1738
971 3 0 1760 1738 1289
972 3 0 1266 1761 1649
973 3 0 1761 1743 1649
974 3 0 1761 1289 1743
975 3 0 1649 1743 1159
976 3 0 114 115 1629
977 3 0 115 1762 1629
978 3 0 115 116 1762
979 3 0 1629 1762 1261
980 3 0 116 1763 1762
981 3 0 1763 1764 1762
982 3 0 1763 1293 1764
983 3 0 1762 1764 1261
984 3 0 116 117 1763
985 3 0 117 1765 1763
986 3 0 117 118 1765
987 3 0 1763 1765 1293
988 3 0 1261 1764 1633
989 3 0 1764 1766 1633
990 3 0 1764 1293 1766
991 3 0 1633 1766 1140
992 3 0 1143 1602 1718
993 3 0 1602 1767 1718
994 3 0 1602 1253 1767
995 3 0 1718 1767 1283
996 3 0 1253 1768 1767
997 3 0 1768 1769 1767
998 3 0 1768 1242 1769
999 3 0 1767 1769 1283
1000 3 0 1253 1601 1768
1001 3 0 1601 1566 1768
1002 3 0 1601 1135 1566
1003 3 0 1768 1566 1242
1004 3 0 1283 1769 1723
1005 3 0 1769 1561 1723
1006 3 0 1769 1242 1561
1007 3 0 1723 1561 1144
1008 3 0 1159 1742 1478
1009 3 0 1742 1770 1478
1010 3 0 1742 1288 1770
1011 3 0 1478 1770 1218
1012 3 0 1288 1771 1770
1013 3 0 1771 1772 1770
1014 3 0 1771 1196 1772
1015 3 0 1770 1772 1218
1016 3 0 1288 1741 1771
1017 3 0 1741 1399 1771
1018 3 0 1741 1133 1399
1019 3 0 1771 1399 1196
1020 3 0 1218 1772 1479
1021 3 0 1772 1404 1479
1022 3 0 1772 1196 1404
1023 3 0 1479 1404 1170
1024 3 0 1139 1570 1774
1025 3 0 1570 1773 1774
1026 3 0 1570 1246 1773
1027 3 0 1774 1773 1294
1028 3 0 1246 1775 1773
1029 3 0 1775 1776 1773
1030 3 0 1775 1215 1776
1031 3 0 1773 1776 1294
1032 3 0 1246 1576 1775
1033 3 0 1576 1461 1775
1034 3 0 1576 1149 1461
1035 3 0 1775 1461 1215
1036 3 0 1294 1776 1777
1037 3 0 1776 1466 1777
1038 3 0 1776 1215 1466
1039 3 0 1777 1466 1163
1040 3 0 125 126 1779
1041 3 0 126 1778 1779
1042 3 0 126 127 1778
1043 3 0 1779 1778 1296
1044 3 0 127 1780 1778
1045 3 0 1780 1781 1778
1046 3 0 1780 1295 1781
1047 3 0 1778 1781 1296
1048 3 0 127 128 1780
1049 3 0 128 1782 1780
1050 3 0 128 129 1782
1051 3 0 1780 1782 1295
1052 3 0 1296 1781 1784
1053 3 0 1781 1783 1784
1054 3 0 1781 1295 1783
1055 3 0 1784 1783 1162
1056 3 0 133 134 1786
1057 3 0 134 1785 1786
1058 3 0 134 135 1785
1059 3 0 1786 1785 1298
1060 3 0 135 1787 1785
1061 3 0 1787 1788 1785
1062 3 0 1787 1297 1788
1063 3 0 1785 1788 1298
1064 3 0 135 136 1787
1065 3 0 136 1789 1787
1066 3 0 136 137 1789
1067 3 0 1787 1789 1297
1068 3 0 1298 1788 1791
1069 3 0 1788 1790 1791
1070 3 0 1788 1297 1790
1071 3 0 1791 1790 1165
1072 3 0 86 87 1793
1073 3 0 87 1792 1793
1074 3 0 87 88 1792
1075 3 0 1793 1792 1300
1076 3 0 88 1794 1792
1077 3 0 1794 1795 1792
1078 3 0 1794 1299 1795
1079 3 0 1792 1795 1300
1080 3 0 88 89 1794
1081 3 0 89 1796 1794
1082 3 0 89 90 1796
1083 3 0 1794 1796 1299
1084 3 0 1300 1795 1798
1085 3 0 1795 1797 1798
1086 3 0 1795 1299 1797
1087 3 0 1798 1797 1164
1088 3 0 67 68 1800
1089 3 0 68 1799 1800
1090 3 0 68 69 1799
1091 3 0 1800 1799 1302
1092 3 0 69 1801 1799
1093 3 0 1801 1802 1799
1094 3 0 1801 1301 1802
1095 3 0 1799 1802 1302
1096 3 0 69 70 1801
1097 3 0 70 1803 1801
1098 3 0 70 71 1803
1099 3 0 1801 1803 1301
1100 3 0 1302 1802 1805
1101 3 0 1802 1804 1805
1102 3 0 1802 1301 1804
1103 3 0 1805 1804 1163
1104 3 0 1161 1707 1807
1105 3 0 1707 1806 1807
1106 3 0 1707 1280 1806
1107 3 0 1807 1806 1303
1108 3 0 1280 1808 1806
1109 3 0 1808 1809 1806
1110 3 0 1808 1217 1809
1111 3 0 1806 1809 1303
1112 3 0 1280 1706 1808
1113 3 0 1706 1468 1808
1114 3 0 1706 1137 1468
1115 3 0 1808 1468 1217
1116 3 0 1303 1809 1810
1117 3 0 1809 1473 1810
1118 3 0 1809 1217 1473
1119 3 0 1810 1473 1167
1120 3 0 1146 1757 1812
1121 3 0 1757 1811 1812
1122 3 0 1757 1291 1811
1123 3 0 1812 1811 1305
1124 3 0 1291 1813 1811
1125 3 0 1813 1814 1811
1126 3 0 1813 1304 1814
1127 3 0 1811 1814 1305
1128 3 0 1291 1756 1813
1129 3 0 1756 1815 1813
1130 3 0 1756 1144 1815
1131 3 0 1813 1815 1304
1132 3 0 1305 1814 1817
1133 3 0 1814 1816 1817
1134 3 0 1814 1304 1816
1135 3 0 1817 1816 1167
1136 3 0 1136 1429 1819
1137 3 0 1429 1818 1819
1138 3 0 1429 1205 1818
1139 3 0 1819 1818 1306
1140 3 0 1205 1820 1818
1141 3 0 1820 1821 1818
1142 3 0 1820 1198 1821
1143 3 0 1818 1821 1306
1144 3 0 1205 1434 1820
1145 3 0 1434 1406 1820
1146 3 0 1434 1155 1406
1147 3 0 1820 1406 1198
1148 3 0 1306 1821 1822
1149 3 0 1821 1411 1822
1150 3 0 1821 1198 1411
1151 3 0 1822 1411 1173
1152 3 0 129 1604 1782
1153 3 0 1604 1823 1782
1154 3 0 1604 1255 1823
1155 3 0 1782 1823 1295
1156 3 0 1255 1824 1823
1157 3 0 1824 1825 1823
1158 3 0 1824 1307 1825
1159 3 0 1823 1825 1295
1160 3 0 1255 1609 1824
1161 3 0 1609 1826 1824
1162 3 0 1609 1138 1826
1163 3 0 1824 1826 1307
1164 3 0 1295 1825 1783
1165 3 0 1825 1827 1783
1166 3 0 1825 1307 1827
1167 3 0 1783 1827 1162
1168 3 0 90 1651 1796
1169 3 0 1651 1828 1796
1170 3 0 1651 1267 1828
1171 3 0 1796 1828 1299
1172 3 0 1267 1829 1828
1173 3 0 1829 1830 1828
1174 3 0 1829 1183 1830
1175 3 0 1828 1830 1299
1176 3 0 1267 1654 1829
1177 3 0 1654 1357 1829
1178 3 0 1654 1132 1357
1179 3 0 1829 1357 1183
1180 3 0 1299 1830 1797
1181 3 0 1830 1363 1797
1182 3 0 1830 1183 1363
1183 3 0 1797 1363 1164
1184 3 0 71 1714 1803
1185 3 0 1714 1831 1803
1186 3 0 1714 1282 1831
1187 3 0 1803 1831 1301
1188 3 0 1282 1832 1831
1189 3 0 1832 1833 1831
1190 3 0 1832 1294 1833
1191 3 0 1831 1833 1301
1192 3 0 1282 1717 1832
1193 3 0 1717 1774 1832
1194 3 0 1717 1139 1774
1195 3 0 1832 1774 1294
1196 3 0 1301 1833 1804
1197 3 0 1833 1777 1804
1198 3 0 1833 1294 1777
1199 3 0 1804 1777 1163
1200 3 0 1138 1608 1835
1201 3 0 1608 1834 1835
1202 3 0 1608 1254 1834
1203 3 0 1835 1834 1308
1204 3 0 1254 1836 1834
1205 3 0 1836 1837 1834
1206 3 0 1836 1298 1837
1207 3 0 1834 1837 1308
1208 3 0 1254 1607 1836
1209 3 0 1607 1786 1836
1210 3 0 1607 133 1786
1211 3 0 1836 1786 1298
1212 3 0 1308 1837 1838
1213 3 0 1837 1791 1838
1214 3 0 1837 1298 1791
1215 3 0 1838 1791 1165
1216 3 0 1157 1533 1402
1217 3 0 1533 1839 1402
1218 3 0 1533 1233 1839
1219 3 0 1402 1839 1195
1220 3 0 1233 1840 1839
1221 3 0 1840 1841 1839
1222 3 0 1840 1309 1841
1223 3 0 1839 1841 1195
1224 3 0 1233 1532 1840
1225 3 0 1532 1842 1840
1226 3 0 1532 1154 1842
1227 3 0 1840 1842 1309
1228 3 0 1195 1841 1403
1229 3 0 1841 1843 1403
1230 3 0 1841 1309 1843
1231 3 0 1403 1843 1170
1232 3 0 167 1666 1845
1233 3 0 1666 1844 1845
1234 3 0 1666 1271 1844
1235 3 0 1845 1844 1310
1236 3 0 1271 1846 1844
1237 3 0 1846 1847 1844
1238 3 0 1846 1200 1847
1239 3 0 1844 1847 1310
1240 3 0 1271 1671 1846
1241 3 0 1671 1413 1846
1242 3 0 1671 1141 1413
1243 3 0 1846 1413 1200
1244 3 0 1310 1847 1848
1245 3 0 1847 1418 1848
1246 3 0 1847 1200 1418
1247 3 0 1848 1418 1171
1248 3 0 1136 1596 1538
1249 3 0 1596 1849 1538
1250 3 0 1596 1251 1849
1251 3 0 1538 1849 1235
1252 3 0 1251 1850 1849
1253 3 0 1850 1851 1849
1254 3 0 1850 1311 1851
1255 3 0 1849 1851 1235
1256 3 0 1251 1595 1850
1257 3 0 1595 1852 1850
1258 3 0 1595 171 1852
1259 3 0 1850 1852 1311
1260 3 0 1235 1851 1539
1261 3 0 1851 1853 1539
1262 3 0 1851 1311 1853
1263 3 0 1539 1853 1171
1264 3 0 1150 1689 1855
1265 3 0 1689 1854 1855
1266 3 0 1689 1275 1854
1267 3 0 1855 1854 1312
1268 3 0 1275 1856 1854
1269 3 0 1856 1857 1854
1270 3 0 1856 1188 1857
1271 3 0 1854 1857 1312
1272 3 0 1275 1688 1856
1273 3 0 1688 1374 1856
1274 3 0 1688 1148 1374
1275 3 0 1856 1374 1188
1276 3 0 1312 1857 1858
1277 3 0 1857 1379 1858
1278 3 0 1857 1188 1379
1279 3 0 1858 1379 1172
1280 3 0 175 1592 1860
1281 3 0 1592 1859 1860
1282 3 0 1592 1252 1859
1283 3 0 1860 1859 1313
1284 3 0 1252 1861 1859
1285 3 0 1861 1862 1859
1286 3 0 1861 1306 1862
1287 3 0 1859 1862 1313
1288 3 0 1252 1597 1861
1289 3 0 1597 1819 1861
1290 3 0 1597 1136 1819
1291 3 0 1861 1819 1306
1292 3 0 1313 1862 1863
1293 3 0 1862 1822 1863
1294 3 0 1862 1306 1822
1295 3 0 1863 1822 1173
1296 3 0 1137 1677 1409
1297 3 0 1677 1864 1409
1298 3 0 1677 1272 1864
1299 3 0 1409 1864 1197
1300 3 0 1272 1865 1864
1301 3 0 1865 1866 1864
1302 3 0 1865 1314 1866
1303 3 0 1864 1866 1197
1304 3 0 1272 1676 1865
1305 3 0 1676 1867 1865
1306 3 0 1676 179 1867
1307 3 0 1865 1867 1314
1308 3 0 1197 1866 1410
1309 3 0 1866 1868 1410
1310 3 0 1866 1314 1868
1311 3 0 1410 1868 1173
1312 3 0 79 80 1870
1313 3 0 80 1869 1870
1314 3 0 80 81 1869
1315 3 0 1870 1869 1316
1316 3 0 81 1871 1869
1317 3 0 1871 1872 1869
1318 3 0 1871 1315 1872
1319 3 0 1869 1872 1316
1320 3 0 81 82 1871
1321 3 0 82 1873 1871
1322 3 0 82 3 1873
1323 3 0 1871 1873 1315
1324 3 0 1316 1872 1875
1325 3 0 1872 1874 1875
1326 3 0 1872 1315 1874
1327 3 0 1875 1874 1176
1328 3 0 3 83 1873
1329 3 0 83 1876 1873
1330 3 0 83 84 1876
1331 3 0 1873 1876 1315
1332 3 0 84 1877 1876
1333 3 0 1877 1878 1876
1334 3 0 1877 1317 1878
1335 3 0 1876 1878 1315
1336 3 0 84 85 1877
1337 3 0 85 1879 1877
1338 3 0 85 86 1879
1339 3 0 1877 1879 1317
1340 3 0 1315 1878 1874
1341 3 0 1878 1880 1874
1342 3 0 1878 1317 1880
1343 3 0 1874 1880 1176
1344 3 0 163 162 1882
1345 3 0 162 1881 1882
1346 3 0 162 161 1881
1347 3 0 1882 1881 1319
1348 3 0 161 1883 1881
1349 3 0 1883 1884 1881
1350 3 0 1883 1318 1884
1351 3 0 1881 1884 1319
1352 3 0 161 160 1883
1353 3 0 160 1885 1883
1354 3 0 160 2 1885
1355 3 0 1883 1885 1318
1356 3 0 1319 1884 1887
1357 3 0 1884 1886 1887
1358 3 0 1884 1318 1886
1359 3 0 1887 1886 1175
1360 3 0 118 119 1889
1361 3 0 119 1888 1889
1362 3 0 119 120 1888
1363 3 0 1889 1888 1321
1364 3 0 120 1890 1888
1365 3 0 1890 1891 1888
1366 3 0 1890 1320 1891
1367 3 0 1888 1891 1321
1368 3 0 120 121 1890
1369 3 0 121 1892 1890
1370 3 0 121 4 1892
1371 3 0 1890 1892 1320
1372 3 0 1321 1891 1894
1373 3 0 1891 1893 1894
1374 3 0 1891 1320 1893
1375 3 0 1894 1893 1177
1376 3 0 137 138 1896
1377 3 0 138 1895 1896
1378 3 0 138 139 1895
1379 3 0 1896 1895 1323
1380 3 0 139 1897 1895
1381 3 0 1897 1898 1895
1382 3 0 1897 1322 1898
1383 3 0 1895 1898 1323
1384 3 0 139 140 1897
1385 3 0 140 1899 1897
1386 3 0 140 5 1899
1387 3 0 1897 1899 1322
1388 3 0 1323 1898 1901
1389 3 0 1898 1900 1901
1390 3 0 1898 1322 1900
1391 3 0 1901 1900 1174
1392 3 0 5 198 1899
1393 3 0 198 1902 1899
1394 3 0 198 197 1902
1395 3 0 1899 1902 1322
1396 3 0 197 1903 1902
1397 3 0 1903 1904 1902
1398 3 0 1903 1324 1904
1399 3 0 1902 1904 1322
1400 3 0 197 196 1903
1401 3 0 196 1905 1903
1402 3 0 196 195 1905
1403 3 0 1903 1905 1324
1404 3 0 1322 1904 1900
1405 3 0 1904 1906 1900
1406 3 0 1904 1324 1906
1407 3 0 1900 1906 1174
1408 3 0 2 64 1885
1409 3 0 64 1907 1885
1410 3 0 64 65 1907
1411 3 0 1885 1907 1318
1412 3 0 65 1908 1907
1413 3 0 1908 1909 1907
1414 3 0 1908 1325 1909
1415 3 0 1907 1909 1318
1416 3 0 65 66 1908
1417 3 0 66 1910 1908
1418 3 0 66 67 1910
1419 3 0 1908 1910 1325
1420 3 0 1318 1909 1886
1421 3 0 1909 1911 1886
1422 3 0 1909 1325 1911
1423 3 0 1886 1911 1175
1424 3 0 4 122 1892
1425 3 0 122 1912 1892
1426 3 0 122 123 1912
1427 3 0 1892 1912 1320
1428 3 0 123 1913 1912
1429 3 0 1913 1914 1912
1430 3 0 1913 1326 1914
1431 3 0 1912 1914 1320
1432 3 0 123 124 1913
1433 3 0 124 1915 1913
1434 3 0 124 125 1915
1435 3 0 1913 1915 1326
1436 3 0 1320 1914 1893
1437 3 0 1914 1916 1893
1438 3 0 1914 1326 1916
1439 3 0 1893 1916 1177
1440 3 0 1168 1917 1919
1441 3 0 1917 1918 1919
1442 3 0 1917 1327 1918
1443 3 0 1919 1918 1329
1444 3 0 1327 1920 1918
1445 3 0 1920 1921 1918
1446 3 0 1920 1328 1921
1447 3 0 1918 1921 1329
1448 3 0 1327 1922 1920
1449 3 0 1922 1923 1920
1450 3 0 1922 1146 1923
1451 3 0 1920 1923 1328
1452 3 0 1329 1921 1925
1453 3 0 1921 1924 1925
1454 3 0 1921 1328 1924
1455 3 0 1925 1924 1169
1456 3 0 1144 1563 1815
1457 3 0 1563 1926 1815
1458 3 0 1563 1243 1926
1459 3 0 1815 1926 1304
1460 3 0 1243 1927 1926
1461 3 0 1927 1928 1926
1462 3 0 1927 1303 1928
1463 3 0 1926 1928 1304
1464 3 0 1243 1567 1927
1465 3 0 1567 1807 1927
1466 3 0 1567 1161 1807
1467 3 0 1927 1807 1303
1468 3 0 1304 1928 1816
1469 3 0 1928 1810 1816
1470 3 0 1928 1303 1810
1471 3 0 1816 1810 1167
1472 3 0 1160 1635 1930
1473 3 0 1635 1929 1930
1474 3 0 1635 1262 1929
1475 3 0 1930 1929 1330
1476 3 0 1262 1931 1929
1477 3 0 1931 1932 1929
1478 3 0 1931 1232 1932
1479 3 0 1929 1932 1330
1480 3 0 1262 1634 1931
1481 3 0 1634 1522 1931
1482 3 0 1634 1140 1522
1483 3 0 1931 1522 1232
1484 3 0 1330 1932 1933
1485 3 0 1932 1527 1933
1486 3 0 1932 1232 1527
1487 3 0 1933 1527 1179
1488 3 0 1134 1699 1935
1489 3 0 1699 1934 1935
1490 3 0 1699 1279 1934
1491 3 0 1935 1934 1332
1492 3 0 1279 1936 1934
1493 3 0 1936 1937 1934
1494 3 0 1936 1331 1937
1495 3 0 1934 1937 1332
1496 3 0 1279 1702 1936
1497 3 0 1702 1938 1936
1498 3 0 1702 1160 1938
1499 3 0 1936 1938 1331
1500 3 0 1332 1937 1940
1501 3 0 1937 1939 1940
1502 3 0 1937 1331 1939
1503 3 0 1940 1939 1168
1504 3 0 1145 1753 1942
1505 3 0 1753 1941 1942
1506 3 0 1753 1292 1941
1507 3 0 1942 1941 1333
1508 3 0 1292 1943 1941
1509 3 0 1943 1944 1941
1510 3 0 1943 1327 1944
1511 3 0 1941 1944 1333
1512 3 0 1292 1758 1943
1513 3 0 1758 1922 1943
1514 3 0 1758 1146 1922
1515 3 0 1943 1922 1327
1516 3 0 1333 1944 1945
1517 3 0 1944 1917 1945
1518 3 0 1944 1327 1917
1519 3 0 1945 1917 1168
1520 3 0 1162 1827 1487
1521 3 0 1827 1946 1487
1522 3 0 1827 1307 1946
1523 3 0 1487 1946 1221
1524 3 0 1307 1947 1946
1525 3 0 1947 1948 1946
1526 3 0 1947 1334 1948
1527 3 0 1946 1948 1221
1528 3 0 1307 1826 1947
1529 3 0 1826 1949 1947
1530 3 0 1826 1138 1949
1531 3 0 1947 1949 1334
1532 3 0 1221 1948 1488
1533 3 0 1948 1950 1488
1534 3 0 1948 1334 1950
1535 3 0 1488 1950 1166
1536 3 0 1134 1935 1952
1537 3 0 1935 1951 1952
1538 3 0 1935 1332 1951
1539 3 0 1952 1951 1335
1540 3 0 1332 1953 1951
1541 3 0 1953 1954 1951
1542 3 0 1953 1329 1954
1543 3 0 1951 1954 1335
1544 3 0 1332 1940 1953
1545 3 0 1940 1919 1953
1546 3 0 1940 1168 1919
1547 3 0 1953 1919 1329
1548 3 0 1335 1954 1955
1549 3 0 1954 1925 1955
1550 3 0 1954 1329 1925
1551 3 0 1955 1925 1169
1552 3 0 1158 1748 1501
1553 3 0 1748 1956 1501
1554 3 0 1748 1290 1956
1555 3 0 1501 1956 1225
1556 3 0 1290 1957 1956
1557 3 0 1957 1958 1956
1558 3 0 1957 1335 1958
1559 3 0 1956 1958 1225
1560 3 0 1290 1747 1957
1561 3 0 1747 1952 1957
1562 3 0 1747 1134 1952
1563 3 0 1957 1952 1335
1564 3 0 1225 1958 1502
1565 3 0 1958 1955 1502
1566 3 0 1958 1335 1955
1567 3 0 1502 1955 1169
1568 3 0 1143 1720 1494
1569 3 0 1720 1959 1494
1570 3 0 1720 1285 1959
1571 3 0 1494 1959 1223
1572 3 0 1285 1960 1959
1573 3 0 1960 1961 1959
1574 3 0 1960 1336 1961
1575 3 0 1959 1961 1223
1576 3 0 1285 1726 1960
1577 3 0 1726 1962 1960
1578 3 0 1726 1145 1962
1579 3 0 1960 1962 1336
1580 3 0 1223 1961 1495
1581 3 0 1961 1963 1495
1582 3 0 1961 1336 1963
1583 3 0 1495 1963 1180
1584 3 0 1138 1835 1965
1585 3 0 1835 1964 1965
1586 3 0 1835 1308 1964
1587 3 0 1965 1964 1337
1588 3 0 1308 1966 1964
1589 3 0 1966 1967 1964
1590 3 0 1966 1224 1967
1591 3 0 1964 1967 1337
1592 3 0 1308 1838 1966
1593 3 0 1838 1491 1966
1594 3 0 1838 1165 1491
1595 3 0 1966 1491 1224
1596 3 0 1337 1967 1968
1597 3 0 1967 1496 1968
1598 3 0 1967 1224 1496
1599 3 0 1968 1496 1180
1600 3 0 1154 1731 1842
1601 3 0 1731 1969 1842
1602 3 0 1731 1286 1969
1603 3 0 1842 1969 1309
1604 3 0 1286 1970 1969
1605 3 0 1970 1971 1969
1606 3 0 1970 1219 1971
1607 3 0 1969 1971 1309
1608 3 0 1286 1730 1970
1609 3 0 1730 1475 1970
1610 3 0 1730 1153 1475
1611 3 0 1970 1475 1219
1612 3 0 1309 1971 1843
1613 3 0 1971 1480 1843
1614 3 0 1971 1219 1480
1615 3 0 1843 1480 1170
1616 3 0 171 170 1852
1617 3 0 170 1972 1852
1618 3 0 170 169 1972
1619 3 0 1852 1972 1311
1620 3 0 169 1973 1972
1621 3 0 1973 1974 1972
1622 3 0 1973 1310 1974
1623 3 0 1972 1974 1311
1624 3 0 169 168 1973
1625 3 0 168 1845 1973
1626 3 0 168 167 1845
1627 3 0 1973 1845 1310
1628 3 0 1311 1974 1853
1629 3 0 1974 1848 1853
1630 3 0 1974 1310 1848
1631 3 0 1853 1848 1171
1632 3 0 1145 1975 1962
1633 3 0 1975 1976 1962
1634 3 0 1975 1338 1976
1635 3 0 1962 1976 1336
1636 3 0 1338 1977 1976
1637 3 0 1977 1978 1976
1638 3 0 1977 1339 1978
1639 3 0 1976 1978 1336
1640 3 0 1338 1979 1977
1641 3 0 1979 1980 1977
1642 3 0 1979 1166 1980
1643 3 0 1977 1980 1339
1644 3 0 1336 1978 1963
1645 3 0 1978 1981 1963
1646 3 0 1978 1339 1981
1647 3 0 1963 1981 1180
1648 3 0 1153 1696 1457
1649 3 0 1696 1982 1457
1650 3 0 1696 1277 1982
1651 3 0 1457 1982 1212
1652 3 0 1277 1983 1982
1653 3 0 1983 1984 1982
1654 3 0 1983 1312 1984
1655 3 0 1982 1984 1212
1656 3 0 1277 1695 1983
1657 3 0 1695 1855 1983
1658 3 0 1695 1150 1855
1659 3 0 1983 1855 1312
1660 3 0 1212 1984 1458
1661 3 0 1984 1858 1458
1662 3 0 1984 1312 1858
1663 3 0 1458 1858 1172
1664 3 0 179 178 1867
1665 3 0 178 1985 1867
1666 3 0 178 177 1985
1667 3 0 1867 1985 1314
1668 3 0 177 1986 1985
1669 3 0 1986 1987 1985
1670 3 0 1986 1313 1987
1671 3 0 1985 1987 1314
1672 3 0 177 176 1986
1673 3 0 176 1860 1986
1674 3 0 176 175 1860
1675 3 0 1986 1860 1313
1676 3 0 1314 1987 1868
1677 3 0 1987 1863 1868
1678 3 0 1987 1313 1863
1679 3 0 1868 1863 1173
1680 3 0 1146 1812 1989
1681 3 0 1812 1988 1989
1682 3 0 1812 1305 1988
1683 3 0 1989 1988 1341
1684 3 0 1305 1990 1988
1685 3 0 1990 1991 1988
1686 3 0 1990 1340 1991
1687 3 0 1988 1991 1341
1688 3 0 1305 1817 1990
1689 3 0 1817 1992 1990
1690 3 0 1817 1167 1992
1691 3 0 1990 1992 1340
1692 3 0 1341 1991 1994
1693 3 0 1991 1993 1994
1694 3 0 1991 1340 1993
1695 3 0 1994 1993 1178
1696 3 0 1165 1790 1996
1697 3 0 1790 1995 1996
1698 3 0 1790 1297 1995
1699 3 0 1996 1995 1342
1700 3 0 1297 1997 1995
1701 3 0 1997 1998 1995
1702 3 0 1997 1323 1998
1703 3 0 1995 1998 1342
1704 3 0 1297 1789 1997
1705 3 0 1789 1896 1997
1706 3 0 1789 137 1896
1707 3 0 1997 1896 1323
1708 3 0 1342 1998 1999
1709 3 0 1998 1901 1999
1710 3 0 1998 1323 1901
1711 3 0 1999 1901 1174
1712 3 0 125 1779 1915
1713 3 0 1779 2000 1915
1714 3 0 1779 1296 2000
1715 3 0 1915 2000 1326
1716 3 0 1296 2001 2000
1717 3 0 2001 2002 2000
1718 3 0 2001 1343 2002
1719 3 0 2000 2002 1326
1720 3 0 1296 1784 2001
1721 3 0 1784 2003 2001
1722 3 0 1784 1162 2003
1723 3 0 2001 2003 1343
1724 3 0 1326 2002 1916
1725 3 0 2002 2004 1916
1726 3 0 2002 1343 2004
1727 3 0 1916 2004 1177
1728 3 0 86 1793 1879
1729 3 0 1793 2005 1879
1730 3 0 1793 1300 2005
1731 3 0 1879 2005 1317
1732 3 0 1300 2006 2005
1733 3 0 2006 2007 2005
1734 3 0 2006 1344 2007
1735 3 0 2005 2007 1317
1736 3 0 1300 1798 2006
1737 3 0 1798 2008 2006
1738 3 0 1798 1164 2008
1739 3 0 2006 2008 1344
1740 3 0 1317 2007 1880
1741 3 0 2007 2009 1880
1742 3 0 2007 1344 2009
1743 3 0 1880 2009 1176
1744 3 0 67 1800 1910
1745 3 0 1800 2010 1910
1746 3 0 1800 1302 2010
1747 3 0 1910 2010 1325
1748 3 0 1302 2011 2010
1749 3 0 2011 2012 2010
1750 3 0 2011 1345 2012
1751 3 0 2010 2012 1325
1752 3 0 1302 1805 2011
1753 3 0 1805 2013 2011
1754 3 0 1805 1163 2013
1755 3 0 2011 2013 1345
1756 3 0 1325 2012 1911
1757 3 0 2012 2014 1911
1758 3 0 2012 1345 2014
1759 3 0 1911 2014 1175
1760 3 0 1169 1924 2016
1761 3 0 1924 2015 2016
1762 3 0 1924 1328 2015
1763 3 0 2016 2015 1346
1764 3 0 1328 2017 2015
1765 3 0 2017 2018 2015
1766 3 0 2017 1341 2018
1767 3 0 2015 2018 1346
1768 3 0 1328 1923 2017
1769 3 0 1923 1989 2017
1770 3 0 1923 1146 1989
1771 3 0 2017 1989 1341
1772 3 0 1346 2018 2019
1773 3 0 2018 1994 2019
1774 3 0 2018 1341 1994
1775 3 0 2019 1994 1178
1776 3 0 195 1709 1905
1777 3 0 1709 2020 1905
1778 3 0 1709 1281 2020
1779 3 0 1905 2020 1324
1780 3 0 1281 2021 2020
1781 3 0 2021 2022 2020
1782 3 0 2021 1347 2022
1783 3 0 2020 2022 1324
1784 3 0 1281 1712 2021
1785 3 0 1712 2023 2021
1786 3 0 1712 1142 2023
1787 3 0 2021 2023 1347
1788 3 0 1324 2022 1906
1789 3 0 2022 2024 1906
1790 3 0 2022 1347 2024
1791 3 0 1906 2024 1174
1792 3 0 1147 1736 2026
1793 3 0 1736 2025 2026
1794 3 0 1736 1287 2025
1795 3 0 2026 2025 1348
1796 3 0 1287 2027 2025
1797 3 0 2027 2028 2025
1798 3 0 2027 1316 2028
1799 3 0 2025 2028 1348
1800 3 0 1287 1735 2027
1801 3 0 1735 1870 2027
1802 3 0 1735 79 1870
1803 3 0 2027 1870 1316
1804 3 0 1348 2028 2029
1805 3 0 2028 1875 2029
1806 3 0 2028 1316 1875
1807 3 0 2029 1875 1176
1808 3 0 1140 1766 2031
1809 3 0 1766 2030 2031
1810 3 0 1766 1293 2030
1811 3 0 2031 2030 1349
1812 3 0 1293 2032 2030
1813 3 0 2032 2033 2030
1814 3 0 2032 1321 2033
1815 3 0 2030 2033 1349
1816 3 0 1293 1765 2032
1817 3 0 1765 1889 2032
1818 3 0 1765 118 1889
1819 3 0 2032 1889 1321
1820 3 0 1349 2033 2034
1821 3 0 2033 1894 2034
1822 3 0 2033 1321 1894
1823 3 0 2034 1894 1177
1824 3 0 1141 1670 2036
1825 3 0 1670 2035 2036
1826 3 0 1670 1270 2035
1827 3 0 2036 2035 1350
1828 3 0 1270 2037 2035
1829 3 0 2037 2038 2035
1830 3 0 2037 1319 2038
1831 3 0 2035 2038 1350
1832 3 0 1270 1669 2037
1833 3 0 1669 1882 2037
1834 3 0 1669 163 1882
1835 3 0 2037 1882 1319
1836 3 0 1350 2038 2039
1837 3 0 2038 1887 2039
1838 3 0 2038 1319 1887
1839 3 0 2039 1887 1175
1840 3 0 1156 1529 2041
1841 3 0 1529 2040 2041
1842 3 0 1529 1234 2040
1843 3 0 2041 2040 1352
1844 3 0 1234 2042 2040
1845 3 0 2042 2043 2040
1846 3 0 2042 1351 2043
1847 3 0 2040 2043 1352
1848 3 0 1234 1534 2042
1849 3 0 1534 2044 2042
1850 3 0 1534 1157 2044
1851 3 0 2042 2044 1351
1852 3 0 1352 2043 2046
1853 3 0 2043 2045 2046
1854 3 0 2043 1351 2045
1855 3 0 2046 2045 1178
1856 3 0 1157 1498 2044
1857 3 0 1498 2047 2044
1858 3 0 1498 1226 2047
1859 3 0 2044 2047 1351
1860 3 0 1226 2048 2047
1861 3 0 2048 2049 2047
1862 3 0 2048 1346 2049
1863 3 0 2047 2049 1351
1864 3 0 1226 1503 2048
1865 3 0 1503 2016 2048
1866 3 0 1503 1169 2016
1867 3 0 2048 2016 1346
1868 3 0 1351 2049 2045
1869 3 0 2049 2019 2045
1870 3 0 2049 1346 2019
1871 3 0 2045 2019 1178
1872 3 0 1142 1437 2023
1873 3 0 1437 2050 2023
1874 3 0 1437 1208 2050
1875 3 0 2023 2050 1347
1876 3 0 1208 2051 2050
1877 3 0 2051 2052 2050
1878 3 0 2051 1342 2052
1879 3 0 2050 2052 1347
1880 3 0 1208 1443 2051
1881 3 0 1443 1996 2051
1882 3 0 1443 1165 1996
1883 3 0 2051 1996 1342
1884 3 0 1347 2052 2024
1885 3 0 2052 1999 2024
1886 3 0 2052 1342 1999
1887 3 0 2024 1999 1174
1888 3 0 1162 1486 2003
1889 3 0 1486 2053 2003
1890 3 0 1486 1220 2053
1891 3 0 2003 2053 1343
1892 3 0 1220 2054 2053
1893 3 0 2054 2055 2053
1894 3 0 2054 1349 2055
1895 3 0 2053 2055 1343
1896 3 0 1220 1481 2054
1897 3 0 1481 2031 2054
1898 3 0 1481 1140 2031
1899 3 0 2054 2031 1349
1900 3 0 1343 2055 2004
1901 3 0 2055 2034 2004
1902 3 0 2055 1349 2034
1903 3 0 2004 2034 1177
1904 3 0 1164 1450 2008
1905 3 0 1450 2056 2008
1906 3 0 1450 1210 2056
1907 3 0 2008 2056 1344
1908 3 0 1210 2057 2056
1909 3 0 2057 2058 2056
1910 3 0 2057 1348 2058
1911 3 0 2056 2058 1344
1912 3 0 1210 1449 2057
1913 3 0 1449 2026 2057
1914 3 0 1449 1147 2026
1915 3 0 2057 2026 1348
1916 3 0 1344 2058 2009
1917 3 0 2058 2029 2009
1918 3 0 2058 1348 2029
1919 3 0 2009 2029 1176
1920 3 0 1163 1465 2013
1921 3 0 1465 2059 2013
1922 3 0 1465 1214 2059
1923 3 0 2013 2059 1345
1924 3 0 1214 2060 2059
1925 3 0 2060 2061 2059
1926 3 0 2060 1350 2061
1927 3 0 2059 2061 1345
1928 3 0 1214 1464 2060
1929 3 0 1464 2036 2060
1930 3 0 1464 1141 2036
1931 3 0 2060 2036 1350
1932 3 0 1345 2061 2014
1933 3 0 2061 2039 2014
1934 3 0 2061 1350 2039
1935 3 0 2014 2039 1175
1936 3 0 1166 1979 1525
1937 3 0 1979 2062 1525
1938 3 0 1979 1338 2062
1939 3 0 1525 2062 1231
1940 3 0 1338 2063 2062
1941 3 0 2063 2064 2062
1942 3 0 2063 1353 2064
1943 3 0 2062 2064 1231
1944 3 0 1338 1975 2063
1945 3 0 1975 2065 2063
1946 3 0 1975 1145 2065
1947 3 0 2063 2065 1353
1948 3 0 1231 2064 1526
1949 3 0 2064 2066 1526
1950 3 0 2064 1353 2066
1951 3 0 1526 2066 1179
1952 3 0 1167 1472 1992
1953 3 0 1472 2067 1992
1954 3 0 1472 1216 2067
1955 3 0 1992 2067 1340
1956 3 0 1216 2068 2067
1957 3 0 2068 2069 2067
1958 3 0 2068 1352 2069
1959 3 0 2067 2069 1340
1960 3 0 1216 1471 2068
1961 3 0 1471 2041 2068
1962 3 0 1471 1156 2041
1963 3 0 2068 2041 1352
1964 3 0 1340 2069 1993
1965 3 0 2069 2046 1993
1966 3 0 2069 1352 2046
1967 3 0 1993 2046 1178
1968 3 0 1145 1942 2065
1969 3 0 1942 2070 2065
1970 3 0 1942 1333 2070
1971 3 0 2065 2070 1353
1972 3 0 1333 2071 2070
1973 3 0 2071 2072 2070
1974 3 0 2071 1354 2072
1975 3 0 2070 2072 1353
1976 3 0 1333 1945 2071
1977 3 0 1945 2073 2071
1978 3 0 1945 1168 2073
1979 3 0 2071 2073 1354
1980 3 0 1353 2072 2066
1981 3 0 2072 2074 2066
1982 3 0 2072 1354 2074
1983 3 0 2066 2074 1179
1984 3 0 1166 1950 1980
1985 3 0 1950 2075 1980
1986 3 0 1950 1334 2075
1987 3 0 1980 2075 1339
1988 3 0 1334 2076 2075
1989 3 0 2076 2077 2075
1990 3 0 2076 1337 2077
1991 3 0 2075 2077 1339
1992 3 0 1334 1949 2076
1993 3 0 1949 1965 2076
1994 3 0 1949 1138 1965
1995 3 0 2076 1965 1337
1996 3 0 1339 2077 1981
1997 3 0 2077 1968 1981
1998 3 0 2077 1337 1968
1999 3 0 1981 1968 1180
2000 3 0 1168 1939 2073
2001 3 0 1939 2078 2073
2002 3 0 1939 1331 2078
2003 3 0 2073 2078 1354
2004 3 0 1331 2079 2078
2005 3 0 2079 2080 2078
2006 3 0 2079 1330 2080
2007 3 0 2078 2080 1354
2008 3 0 1331 1938 2079
2009 3 0 1938 1930 2079
2010 3 0 1938 1160 1930
2011 3 0 2079 1930 1330
2012 3 0 1354 2080 2074
2013 3 0 2080 1933 2074
2014 3 0 2080 1330 1933
2015 3 0 2074 1933 1179
2016 3 1 210 418 420
2017 3 1 418 419 420
2018 3 1 418 247 419
2019 3 1 420 419 249
2020 3 1 247 421 419
2021 3 1 421 422 419
2022 3 1 421 248 422
2023 3 1 419 422 249
2024 3 1 247 423 421
2025 3 1 423 424 421
2026 3 1 423 203 424
2027 3 1 421 424 248
2028 3 1 249 422 426
2029 3 1 422 425 426
2030 3 1 422 248 425
2031 3 1 426 425 233
2032 3 1 217 427 429
2033 3 1 427 428 429
2034 3 1 427 250 428
2035 3 1 429 428 252
2036 3 1 250 430 428
2037 3 1 430 431 428
2038 3 1 430 251 431
2039 3 1 428 431 252
2040 3 1 250 432 430
2041 3 1 432 433 430
2042 3 1 432 201 433
2043 3 1 430 433 251
2044 3 1 252 431 435
2045 3 1 431 434 435
2046 3 1 431 251 434
2047 3 1 435 434 218
2048 3 1 203 423 437
2049 3 1 423 436 437
2050 3 1 423 247 436
2051 3 1 437 436 254
2052 3 1 247 438 436
2053 3 1 438 439 436
2054 3 1 438 253 439
2055 3 1 436 439 254
2056 3 1 247 418 438
2057 3 1 418 440 438
2058 3 1 418 210 440
2059 3 1 438 440 253
2060 3 1 254 439 442
2061 3 1 439 441 442
2062 3 1 439 253 441
2063 3 1 442 441 237
2064 3 1 218 443 445
2065 3 1 443 444 445
2066 3 1 443 255 444
2067 3 1 445 444 257
2068 3 1 255 446 444
2069 3 1 446 447 444
2070 3 1 446 256 447
2071 3 1 444 447 257
2072 3 1 255 448 446
2073 3 1 448 449 446
2074 3 1 448 220 449
2075 3 1 446 449 256
2076 3 1 257 447 451
2077 3 1 447 450 451
2078 3 1 447 256 450
2079 3 1 451 450 223
2080 3 1 211 452 454
2081 3 1 452 453 454
2082 3 1 452 258 453
2083 3 1 454 453 260
2084 3 1 258 455 453
2085 3 1 455 456 453
2086 3 1 455 259 456
2087 3 1 453 456 260
2088 3 1 258 457 455
2089 3 1 457 458 455
2090 3 1 457 208 458
2091 3 1 455 458 259
2092 3 1 260 456 460
2093 3 1 456 459 460
2094 3 1 456 259 459
2095 3 1 460 459 213
2096 3 1 201 432 462
2097 3 1 432 461 462
2098 3 1 432 250 461
2099 3 1 462 461 262
2100 3 1 250 463 461
2101 3 1 463 464 461
2102 3 1 463 261 464
2103 3 1 461 464 262
2104 3 1 250 427 463
2105 3 1 427 465 463
2106 3 1 427 217 465
2107 3 1 463 465 261
2108 3 1 262 464 467
2109 3 1 464 466 467
2110 3 1 464 261 466
2111 3 1 467 466 235
2112 3 1 226 468 470
2113 3 1 468 469 470
2114 3 1 468 263 469
2115 3 1 470 469 265
2116 3 1 263 471 469
2117 3 1 471 472 469
2118 3 1 471 264 472
2119 3 1 469 472 265
2120 3 1 263 473 471
2121 3 1 473 474 471
2122 3 1 473 231 474
2123 3 1 471 474 264
2124 3 1 265 472 476
2125 3 1 472 475 476
2126 3 1 472 264 475
2127 3 1 476 475 239
2128 3 1 230 477 479
2129 3 1 477 478 479
2130 3 1 477 266 478
2131 3 1 479 478 268
2132 3 1 266 480 478
2133 3 1 480 481 478
2134 3 1 480 267 481
2135 3 1 478 481 268
2136 3 1 266 482 480
2137 3 1 482 483 480
2138 3 1 482 228 483
2139 3 1 480 483 267
2140 3 1 268 481 485
2141 3 1 481 484 485
2142 3 1 481 267 484
2143 3 1 485 484 239
2144 3 1 216 486 488
2145 3 1 486 487 488
2146 3 1 486 269 487
2147 3 1 488 487 270
2148 3 1 269 489 487
2149 3 1 489 490 487
2150 3 1 489 257 490
2151 3 1 487 490 270
2152 3 1 269 491 489
2153 3 1 491 445 489
2154 3 1 491 218 445
2155 3 1 489 445 257
2156 3 1 270 490 492
2157 3 1 490 451 492
2158 3 1 490 257 451
2159 3 1 492 451 223
2160 3 1 231 493 474
2161 3 1 493 494 474
2162 3 1 493 271 494
2163 3 1 474 494 264
2164 3 1 271 495 494
2165 3 1 495 496 494
2166 3 1 495 272 496
2167 3 1 494 496 264
2168 3 1 271 497 495
2169 3 1 497 498 495
2170 3 1 497 205 498
2171 3 1 495 498 272
2172 3 1 264 496 475
2173 3 1 496 499 475
2174 3 1 496 272 499
2175 3 1 475 499 239
2176 3 1 205 500 498
2177 3 1 500 501 498
2178 3 1 500 273 501
2179 3 1 498 501 272
2180 3 1 273 502 501
2181 3 1 502 503 501
2182 3 1 502 268 503
2183 3 1 501 503 272
2184 3 1 273 504 502
2185 3 1 504 479 502
2186 3 1 504 230 479
2187 3 1 502 479 268
2188 3 1 272 503 499
2189 3 1 503 485 499
2190 3 1 503 268 485
2191 3 1 499 485 239
2192 3 1 213 459 506
2193 3 1 459 505 506
2194 3 1 459 259 505
2195 3 1 506 505 275
2196 3 1 259 507 505
2197 3 1 507 508 505
2198 3 1 507 274 508
2199 3 1 505 508 275
2200 3 1 259 458 507
2201 3 1 458 509 507
2202 3 1 458 208 509
2203 3 1 507 509 274
2204 3 1 275 508 511
2205 3 1 508 510 511
2206 3 1 508 274 510
2207 3 1 511 510 236
2208 3 1 218 434 513
2209 3 1 434 512 513
2210 3 1 434 251 512
2211 3 1 513 512 277
2212 3 1 251 514 512
2213 3 1 514 515 512
2214 3 1 514 276 515
2215 3 1 512 515 277
2216 3 1 251 433 514
2217 3 1 433 516 514
2218 3 1 433 201 516
2219 3 1 514 516 276
2220 3 1 277 515 518
2221 3 1 515 517 518
2222 3 1 515 276 517
2223 3 1 518 517 219
2224 3 1 220 519 521
2225 3 1 519 520 521
2226 3 1 519 278 520
2227 3 1 521 520 280
2228 3 1 278 522 520
2229 3 1 522 523 520
2230 3 1 522 279 523
2231 3 1 520 523 280
2232 3 1 278 524 522
2233 3 1 524 525 522
2234 3 1 524 221 525
2235 3 1 522 525 279
2236 3 1 280 523 527
2237 3 1 523 526 527
2238 3 1 523 279 526
2239 3 1 527 526 229
2240 3 1 213 528 530
2241 3 1 528 529 530
2242 3 1 528 281 529
2243 3 1 530 529 283
2244 3 1 281 531 529
2245 3 1 531 532 529
2246 3 1 531 282 532
2247 3 1 529 532 283
2248 3 1 281 533 531
2249 3 1 533 534 531
2250 3 1 533 200 534
2251 3 1 531 534 282
2252 3 1 283 532 536
2253 3 1 532 535 536
2254 3 1 532 282 535
2255 3 1 536 535 214
2256 3 1 226 537 539
2257 3 1 537 538 539
2258 3 1 537 284 538
2259 3 1 539 538 286
2260 3 1 284 540 538
2261 3 1 540 541 538
2262 3 1 540 285 541
2263 3 1 538 541 286
2264 3 1 284 542 540
2265 3 1 542 543 540
2266 3 1 542 221 543
2267 3 1 540 543 285
2268 3 1 286 541 545
2269 3 1 541 544 545
2270 3 1 541 285 544
2271 3 1 545 544 240
2272 3 1 221 542 547
2273 3 1 542 546 547
2274 3 1 542 284 546
2275 3 1 547 546 288
2276 3 1 284 548 546
2277 3 1 548 549 546
2278 3 1 548 287 549
2279 3 1 546 549 288
2280 3 1 284 537 548
2281 3 1 537 550 548
2282 3 1 537 226 550
2283 3 1 548 550 287
2284 3 1 288 549 552
2285 3 1 549 551 552
2286 3 1 549 287 551
2287 3 1 552 551 246
2288 3 1 214 535 554
2289 3 1 535 553 554
2290 3 1 535 282 553
2291 3 1 554 553 290
2292 3 1 282 555 553
2293 3 1 555 556 553
2294 3 1 555 289 556
2295 3 1 553 556 290
2296 3 1 282 534 555
2297 3 1 534 557 555
2298 3 1 534 200 557
2299 3 1 555 557 289
2300 3 1 290 556 559
2301 3 1 556 558 559
2302 3 1 556 289 558
2303 3 1 559 558 217
2304 3 1 220 521 561
2305 3 1 521 560 561
2306 3 1 521 280 560
2307 3 1 561 560 292
2308 3 1 280 562 560
2309 3 1 562 563 560
2310 3 1 562 291 563
2311 3 1 560 563 292
2312 3 1 280 527 562
2313 3 1 527 564 562
2314 3 1 527 229 564
2315 3 1 562 564 291
2316 3 1 292 563 566
2317 3 1 563 565 566
2318 3 1 563 291 565
2319 3 1 566 565 238
2320 3 1 226 567 468
2321 3 1 567 568 468
2322 3 1 567 293 568
2323 3 1 468 568 263
2324 3 1 293 569 568
2325 3 1 569 570 568
2326 3 1 569 294 570
2327 3 1 568 570 263
2328 3 1 293 571 569
2329 3 1 571 572 569
2330 3 1 571 225 572
2331 3 1 569 572 294
2332 3 1 263 570 473
2333 3 1 570 573 473
2334 3 1 570 294 573
2335 3 1 473 573 231
2336 3 1 207 574 576
2337 3 1 574 575 576
2338 3 1 574 295 575
2339 3 1 576 575 296
2340 3 1 295 577 575
2341 3 1 577 578 575
2342 3 1 577 266 578
2343 3 1 575 578 296
2344 3 1 295 579 577
2345 3 1 579 482 577
2346 3 1 579 228 482
2347 3 1 577 482 266
2348 3 1 296 578 580
2349 3 1 578 477 580
2350 3 1 578 266 477
2351 3 1 580 477 230
2352 3 1 209 581 583
2353 3 1 581 582 583
2354 3 1 581 297 582
2355 3 1 583 582 298
2356 3 1 297 584 582
2357 3 1 584 585 582
2358 3 1 584 249 585
2359 3 1 582 585 298
2360 3 1 297 586 584
2361 3 1 586 420 584
2362 3 1 586 210 420
2363 3 1 584 420 249
2364 3 1 298 585 587
2365 3 1 585 426 587
2366 3 1 585 249 426
2367 3 1 587 426 233
2368 3 1 215 588 590
2369 3 1 588 589 590
2370 3 1 588 299 589
2371 3 1 590 589 301
2372 3 1 299 591 589
2373 3 1 591 592 589
2374 3 1 591 300 592
2375 3 1 589 592 301
2376 3 1 299 593 591
2377 3 1 593 594 591
2378 3 1 593 224 594
2379 3 1 591 594 300
2380 3 1 301 592 596
2381 3 1 592 595 596
2382 3 1 592 300 595
2383 3 1 596 595 237
2384 3 1 208 457 598
2385 3 1 457 597 598
2386 3 1 457 258 597
2387 3 1 598 597 303
2388 3 1 258 599 597
2389 3 1 599 600 597
2390 3 1 599 302 600
2391 3 1 597 600 303
2392 3 1 258 452 599
2393 3 1 452 601 599
2394 3 1 452 211 601
2395 3 1 599 601 302
2396 3 1 303 600 603
2397 3 1 600 602 603
2398 3 1 600 302 602
2399 3 1 603 602 232
2400 3 1 223 450 605
2401 3 1 450 604 605
2402 3 1 450 256 604
2403 3 1 605 604 304
2404 3 1 256 606 604
2405 3 1 606 607 604
2406 3 1 606 292 607
2407 3 1 604 607 304
2408 3 1 256 449 606
2409 3 1 449 561 606
2410 3 1 449 220 561
2411 3 1 606 561 292
2412 3 1 304 607 608
2413 3 1 607 566 608
2414 3 1 607 292 566
2415 3 1 608 566 238
2416 3 1 218 513 443
2417 3 1 513 609 443
2418 3 1 513 277 609
2419 3 1 443 609 255
2420 3 1 277 610 609
2421 3 1 610 611 609
2422 3 1 610 305 611
2423 3 1 609 611 255
2424 3 1 277 518 610
2425 3 1 518 612 610
2426 3 1 518 219 612
2427 3 1 610 612 305
2428 3 1 255 611 448
2429 3 1 611 613 448
2430 3 1 611 305 613
2431 3 1 448 613 220
2432 3 1 224 593 615
2433 3 1 593 614 615
2434 3 1 593 299 614
2435 3 1 615 614 307
2436 3 1 299 616 614
2437 3 1 616 617 614
2438 3 1 616 306 617
2439 3 1 614 617 307
2440 3 1 299 588 616
2441 3 1 588 618 616
2442 3 1 588 215 618
2443 3 1 616 618 306
2444 3 1 307 617 620
2445 3 1 617 619 620
2446 3 1 617 306 619
2447 3 1 620 619 241
2448 3 1 224 621 594
2449 3 1 621 622 594
2450 3 1 621 308 622
2451 3 1 594 622 300
2452 3 1 308 623 622
2453 3 1 623 624 622
2454 3 1 623 254 624
2455 3 1 622 624 300
2456 3 1 308 625 623
2457 3 1 625 437 623
2458 3 1 625 203 437
2459 3 1 623 437 254
2460 3 1 300 624 595
2461 3 1 624 442 595
2462 3 1 624 254 442
2463 3 1 595 442 237
2464 3 1 220 613 519
2465 3 1 613 626 519
2466 3 1 613 305 626
2467 3 1 519 626 278
2468 3 1 305 627 626
2469 3 1 627 628 626
2470 3 1 627 309 628
2471 3 1 626 628 278
2472 3 1 305 612 627
2473 3 1 612 629 627
2474 3 1 612 219 629
2475 3 1 627 629 309
2476 3 1 278 628 524
2477 3 1 628 630 524
2478 3 1 628 309 630
2479 3 1 524 630 221
2480 3 1 200 533 632
2481 3 1 533 631 632
2482 3 1 533 281 631
2483 3 1 632 631 310
2484 3 1 281 633 631
2485 3 1 633 634 631
2486 3 1 633 275 634
2487 3 1 631 634 310
2488 3 1 281 528 633
2489 3 1 528 506 633
2490 3 1 528 213 506
2491 3 1 633 506 275
2492 3 1 310 634 635
2493 3 1 634 511 635
2494 3 1 634 275 511
2495 3 1 635 511 236
2496 3 1 222 636 638
2497 3 1 636 637 638
2498 3 1 636 311 637
2499 3 1 638 637 313
2500 3 1 311 639 637
2501 3 1 639 640 637
2502 3 1 639 312 640
2503 3 1 637 640 313
2504 3 1 311 641 639
2505 3 1 641 642 639
2506 3 1 641 204 642
2507 3 1 639 642 312
2508 3 1 313 640 644
2509 3 1 640 643 644
2510 3 1 640 312 643
2511 3 1 644 643 223
2512 3 1 25 645 647
2513 3 1 645 646 647
2514 3 1 645 314 646
2515 3 1 647 646 315
2516 3 1 314 648 646
2517 3 1 648 649 646
2518 3 1 648 311 649
2519 3 1 646 649 315
2520 3 1 314 650 648
2521 3 1 650 641 648
2522 3 1 650 204 641
2523 3 1 648 641 311
2524 3 1 315 649 651
2525 3 1 649 636 651
2526 3 1 649 311 636
2527 3 1 651 636 222
2528 3 1 52 53 653
2529 3 1 53 652 653
2530 3 1 53 54 652
2531 3 1 653 652 317
2532 3 1 54 654 652
2533 3 1 654 655 652
2534 3 1 654 316 655
2535 3 1 652 655 317
2536 3 1 54 55 654
2537 3 1 55 656 654
2538 3 1 55 56 656
2539 3 1 654 656 316
2540 3 1 317 655 658
2541 3 1 655 657 658
2542 3 1 655 316 657
2543 3 1 658 657 206
2544 3 1 216 659 486
2545 3 1 659 660 486
2546 3 1 659 318 660
2547 3 1 486 660 269
2548 3 1 318 661 660
2549 3 1 661 662 660
2550 3 1 661 252 662
2551 3 1 660 662 269
2552 3 1 318 663 661
2553 3 1 663 429 661
2554 3 1 663 217 429
2555 3 1 661 429 252
2556 3 1 269 662 491
2557 3 1 662 435 491
2558 3 1 662 252 435
2559 3 1 491 435 218
2560 3 1 204 664 666
2561 3 1 664 665 666
2562 3 1 664 319 665
2563 3 1 666 665 321
2564 3 1 319 667 665
2565 3 1 667 668 665
2566 3 1 667 320 668
2567 3 1 665 668 321
2568 3 1 319 669 667
2569 3 1 669 670 667
2570 3 1 669 29 670
2571 3 1 667 670 320
2572 3 1 321 668 672
2573 3 1 668 671 672
2574 3 1 668 320 671
2575 3 1 672 671 224
2576 3 1 216 673 659
2577 3 1 673 674 659
2578 3 1 673 322 674
2579 3 1 659 674 318
2580 3 1 322 675 674
2581 3 1 675 676 674
2582 3 1 675 290 676
2583 3 1 674 676 318
2584 3 1 322 677 675
2585 3 1 677 554 675
2586 3 1 677 214 554
2587 3 1 675 554 290
2588 3 1 318 676 663
2589 3 1 676 559 663
2590 3 1 676 290 559
2591 3 1 663 559 217
2592 3 1 212 678 680
2593 3 1 678 679 680
2594 3 1 678 323 679
2595 3 1 680 679 324
2596 3 1 323 681 679
2597 3 1 681 682 679
2598 3 1 681 260 682
2599 3 1 679 682 324
2600 3 1 323 683 681
2601 3 1 683 454 681
2602 3 1 683 211 454
2603 3 1 681 454 260
2604 3 1 324 682 684
2605 3 1 682 460 684
2606 3 1 682 260 460
2607 3 1 684 460 213
2608 3 1 187 188 686
2609 3 1 188 685 686
2610 3 1 188 189 685
2611 3 1 686 685 326
2612 3 1 189 687 685
2613 3 1 687 688 685
2614 3 1 687 325 688
2615 3 1 685 688 326
2616 3 1 189 190 687
2617 3 1 190 689 687
2618 3 1 190 191 689
2619 3 1 687 689 325
2620 3 1 326 688 691
2621 3 1 688 690 691
2622 3 1 688 325 690
2623 3 1 691 690 202
2624 3 1 179 180 693
2625 3 1 180 692 693
2626 3 1 180 181 692
2627 3 1 693 692 328
2628 3 1 181 694 692
2629 3 1 694 695 692
2630 3 1 694 327 695
2631 3 1 692 695 328
2632 3 1 181 182 694
2633 3 1 182 696 694
2634 3 1 182 183 696
2635 3 1 694 696 327
2636 3 1 328 695 698
2637 3 1 695 697 698
2638 3 1 695 327 697
2639 3 1 698 697 201
2640 3 1 25 26 645
2641 3 1 26 699 645
2642 3 1 26 27 699
2643 3 1 645 699 314
2644 3 1 27 700 699
2645 3 1 700 701 699
2646 3 1 700 319 701
2647 3 1 699 701 314
2648 3 1 27 28 700
2649 3 1 28 669 700
2650 3 1 28 29 669
2651 3 1 700 669 319
2652 3 1 314 701 650
2653 3 1 701 664 650
2654 3 1 701 319 664
2655 3 1 650 664 204
2656 3 1 33 702 704
2657 3 1 702 703 704
2658 3 1 702 329 703
2659 3 1 704 703 330
2660 3 1 329 705 703
2661 3 1 705 706 703
2662 3 1 705 308 706
2663 3 1 703 706 330
2664 3 1 329 707 705
2665 3 1 707 625 705
2666 3 1 707 203 625
2667 3 1 705 625 308
2668 3 1 330 706 708
2669 3 1 706 621 708
2670 3 1 706 308 621
2671 3 1 708 621 224
2672 3 1 202 690 710
2673 3 1 690 709 710
2674 3 1 690 325 709
2675 3 1 710 709 332
2676 3 1 325 711 709
2677 3 1 711 712 709
2678 3 1 711 331 712
2679 3 1 709 712 332
2680 3 1 325 689 711
2681 3 1 689 713 711
2682 3 1 689 191 713
2683 3 1 711 713 331
2684 3 1 332 712 715
2685 3 1 712 714 715
2686 3 1 712 331 714
2687 3 1 715 714 225
2688 3 1 212 680 717
2689 3 1 680 716 717
2690 3 1 680 324 716
2691 3 1 717 716 333
2692 3 1 324 718 716
2693 3 1 718 719 716
2694 3 1 718 283 719
2695 3 1 716 719 333
2696 3 1 324 684 718
2697 3 1 684 530 718
2698 3 1 684 213 530
2699 3 1 718 530 283
2700 3 1 333 719 720
2701 3 1 719 536 720
2702 3 1 719 283 536
2703 3 1 720 536 214
2704 3 1 202 710 722
2705 3 1 710 721 722
2706 3 1 710 332 721
2707 3 1 722 721 334
2708 3 1 332 723 721
2709 3 1 723 724 721
2710 3 1 723 293 724
2711 3 1 721 724 334
2712 3 1 332 715 723
2713 3 1 715 571 723
2714 3 1 715 225 571
2715 3 1 723 571 293
2716 3 1 334 724 725
2717 3 1 724 567 725
2718 3 1 724 293 567
2719 3 1 725 567 226
2720 3 1 210 726 728
2721 3 1 726 727 728
2722 3 1 726 335 727
2723 3 1 728 727 336
2724 3 1 335 729 727
2725 3 1 729 730 727
2726 3 1 729 323 730
2727 3 1 727 730 336
2728 3 1 335 731 729
2729 3 1 731 683 729
2730 3 1 731 211 683
2731 3 1 729 683 323
2732 3 1 336 730 732
2733 3 1 730 678 732
2734 3 1 730 323 678
2735 3 1 732 678 212
2736 3 1 215 733 735
2737 3 1 733 734 735
2738 3 1 733 337 734
2739 3 1 735 734 338
2740 3 1 337 736 734
2741 3 1 736 737 734
2742 3 1 736 322 737
2743 3 1 734 737 338
2744 3 1 337 738 736
2745 3 1 738 677 736
2746 3 1 738 214 677
2747 3 1 736 677 322
2748 3 1 338 737 739
2749 3 1 737 673 739
2750 3 1 737 322 673
2751 3 1 739 673 216
2752 3 1 148 149 741
2753 3 1 149 740 741
2754 3 1 149 150 740
2755 3 1 741 740 340
2756 3 1 150 742 740
2757 3 1 742 743 740
2758 3 1 742 339 743
2759 3 1 740 743 340
2760 3 1 150 151 742
2761 3 1 151 744 742
2762 3 1 151 152 744
2763 3 1 742 744 339
2764 3 1 340 743 746
2765 3 1 743 745 746
2766 3 1 743 339 745
2767 3 1 746 745 205
2768 3 1 33 34 702
2769 3 1 34 747 702
2770 3 1 34 35 747
2771 3 1 702 747 329
2772 3 1 35 748 747
2773 3 1 748 749 747
2774 3 1 748 341 749
2775 3 1 747 749 329
2776 3 1 35 36 748
2777 3 1 36 750 748
2778 3 1 36 37 750
2779 3 1 748 750 341
2780 3 1 329 749 707
2781 3 1 749 751 707
2782 3 1 749 341 751
2783 3 1 707 751 203
2784 3 1 29 30 670
2785 3 1 30 752 670
2786 3 1 30 31 752
2787 3 1 670 752 320
2788 3 1 31 753 752
2789 3 1 753 754 752
2790 3 1 753 330 754
2791 3 1 752 754 320
2792 3 1 31 32 753
2793 3 1 32 704 753
2794 3 1 32 33 704
2795 3 1 753 704 330
2796 3 1 320 754 671
2797 3 1 754 708 671
2798 3 1 754 330 708
2799 3 1 671 708 224
2800 3 1 191 192 713
2801 3 1 192 755 713
2802 3 1 192 193 755
2803 3 1 713 755 331
2804 3 1 193 756 755
2805 3 1 756 757 755
2806 3 1 756 342 757
2807 3 1 755 757 331
2808 3 1 193 194 756
2809 3 1 194 758 756
2810 3 1 194 195 758
2811 3 1 756 758 342
2812 3 1 331 757 714
2813 3 1 757 759 714
2814 3 1 757 342 759
2815 3 1 714 759 225
2816 3 1 21 22 761
2817 3 1 22 760 761
2818 3 1 22 23 760
2819 3 1 761 760 343
2820 3 1 23 762 760
2821 3 1 762 763 760
2822 3 1 762 315 763
2823 3 1 760 763 343
2824 3 1 23 24 762
2825 3 1 24 647 762
2826 3 1 24 25 647
2827 3 1 762 647 315
2828 3 1 343 763 764
2829 3 1 763 651 764
2830 3 1 763 315 651
2831 3 1 764 651 222
2832 3 1 212 717 766
2833 3 1 717 765 766
2834 3 1 717 333 765
2835 3 1 766 765 344
2836 3 1 333 767 765
2837 3 1 767 768 765
2838 3 1 767 337 768
2839 3 1 765 768 344
2840 3 1 333 720 767
2841 3 1 720 738 767
2842 3 1 720 214 738
2843 3 1 767 738 337
2844 3 1 344 768 769
2845 3 1 768 733 769
2846 3 1 768 337 733
2847 3 1 769 733 215
2848 3 1 171 172 771
2849 3 1 172 770 771
2850 3 1 172 173 770
2851 3 1 771 770 346
2852 3 1 173 772 770
2853 3 1 772 773 770
2854 3 1 772 345 773
2855 3 1 770 773 346
2856 3 1 173 174 772
2857 3 1 174 774 772
2858 3 1 174 175 774
2859 3 1 772 774 345
2860 3 1 346 773 776
2861 3 1 773 775 776
2862 3 1 773 345 775
2863 3 1 776 775 200
2864 3 1 9 10 778
2865 3 1 10 777 778
2866 3 1 10 11 777
2867 3 1 778 777 348
2868 3 1 11 779 777
2869 3 1 779 780 777
2870 3 1 779 347 780
2871 3 1 777 780 348
2872 3 1 11 12 779
2873 3 1 12 781 779
2874 3 1 12 13 781
2875 3 1 779 781 347
2876 3 1 348 780 783
2877 3 1 780 782 783
2878 3 1 780 347 782
2879 3 1 783 782 207
2880 3 1 210 784 726
2881 3 1 784 785 726
2882 3 1 784 349 785
2883 3 1 726 785 335
2884 3 1 349 786 785
2885 3 1 786 787 785
2886 3 1 786 350 787
2887 3 1 785 787 335
2888 3 1 349 788 786
2889 3 1 788 789 786
2890 3 1 788 206 789
2891 3 1 786 789 350
2892 3 1 335 787 731
2893 3 1 787 790 731
2894 3 1 787 350 790
2895 3 1 731 790 211
2896 3 1 163 164 792
2897 3 1 164 791 792
2898 3 1 164 165 791
2899 3 1 792 791 352
2900 3 1 165 793 791
2901 3 1 793 794 791
2902 3 1 793 351 794
2903 3 1 791 794 352
2904 3 1 165 166 793
2905 3 1 166 795 793
2906 3 1 166 167 795
2907 3 1 793 795 351
2908 3 1 352 794 797
2909 3 1 794 796 797
2910 3 1 794 351 796
2911 3 1 797 796 208
2912 3 1 17 18 799
2913 3 1 18 798 799
2914 3 1 18 19 798
2915 3 1 799 798 354
2916 3 1 19 800 798
2917 3 1 800 801 798
2918 3 1 800 353 801
2919 3 1 798 801 354
2920 3 1 19 20 800
2921 3 1 20 802 800
2922 3 1 20 21 802
2923 3 1 800 802 353
2924 3 1 354 801 804
2925 3 1 801 803 804
2926 3 1 801 353 803
2927 3 1 804 803 199
2928 3 1 13 14 806
2929 3 1 14 805 806
2930 3 1 14 15 805
2931 3 1 806 805 356
2932 3 1 15 807 805
2933 3 1 807 808 805
2934 3 1 807 355 808
2935 3 1 805 808 356
2936 3 1 15 16 807
2937 3 1 16 809 807
2938 3 1 16 17 809
2939 3 1 807 809 355
2940 3 1 356 808 811
2941 3 1 808 810 811
2942 3 1 808 355 810
2943 3 1 811 810 227
2944 3 1 207 782 813
2945 3 1 782 812 813
2946 3 1 782 347 812
2947 3 1 813 812 357
2948 3 1 347 814 812
2949 3 1 814 815 812
2950 3 1 814 356 815
2951 3 1 812 815 357
2952 3 1 347 781 814
2953 3 1 781 806 814
2954 3 1 781 13 806
2955 3 1 814 806 356
2956 3 1 357 815 816
2957 3 1 815 811 816
2958 3 1 815 356 811
2959 3 1 816 811 227
2960 3 1 17 799 809
2961 3 1 799 817 809
2962 3 1 799 354 817
2963 3 1 809 817 355
2964 3 1 354 818 817
2965 3 1 818 819 817
2966 3 1 818 358 819
2967 3 1 817 819 355
2968 3 1 354 804 818
2969 3 1 804 820 818
2970 3 1 804 199 820
2971 3 1 818 820 358
2972 3 1 355 819 810
2973 3 1 819 821 810
2974 3 1 819 358 821
2975 3 1 810 821 227
2976 3 1 207 813 574
2977 3 1 813 822 574
2978 3 1 813 357 822
2979 3 1 574 822 295
2980 3 1 357 823 822
2981 3 1 823 824 822
2982 3 1 823 359 824
2983 3 1 822 824 295
2984 3 1 357 816 823
2985 3 1 816 825 823
2986 3 1 816 227 825
2987 3 1 823 825 359
2988 3 1 295 824 579
2989 3 1 824 826 579
2990 3 1 824 359 826
2991 3 1 579 826 228
2992 3 1 199 803 828
2993 3 1 803 827 828
2994 3 1 803 353 827
2995 3 1 828 827 360
2996 3 1 353 829 827
2997 3 1 829 830 827
2998 3 1 829 343 830
2999 3 1 827 830 360
3000 3 1 353 802 829
3001 3 1 802 761 829
3002 3 1 802 21 761
3003 3 1 829 761 343
3004 3 1 360 830 831
3005 3 1 830 764 831
3006 3 1 830 343 764
3007 3 1 831 764 222
3008 3 1 209 832 581
3009 3 1 832 833 581
3010 3 1 832 361 833
3011 3 1 581 833 297
3012 3 1 361 834 833
3013 3 1 834 835 833
3014 3 1 834 349 835
3015 3 1 833 835 297
3016 3 1 361 836 834
3017 3 1 836 788 834
3018 3 1 836 206 788
3019 3 1 834 788 349
3020 3 1 297 835 586
3021 3 1 835 784 586
3022 3 1 835 349 784
3023 3 1 586 784 210
3024 3 1 52 653 838
3025 3 1 653 837 838
3026 3 1 653 317 837
3027 3 1 838 837 362
3028 3 1 317 839 837
3029 3 1 839 840 837
3030 3 1 839 361 840
3031 3 1 837 840 362
3032 3 1 317 658 839
3033 3 1 658 836 839
3034 3 1 658 206 836
3035 3 1 839 836 361
3036 3 1 362 840 841
3037 3 1 840 832 841
3038 3 1 840 361 832
3039 3 1 841 832 209
3040 3 1 48 49 843
3041 3 1 49 842 843
3042 3 1 49 50 842
3043 3 1 843 842 363
3044 3 1 50 844 842
3045 3 1 844 845 842
3046 3 1 844 362 845
3047 3 1 842 845 363
3048 3 1 50 51 844
3049 3 1 51 838 844
3050 3 1 51 52 838
3051 3 1 844 838 362
3052 3 1 363 845 846
3053 3 1 845 841 846
3054 3 1 845 362 841
3055 3 1 846 841 209
3056 3 1 219 517 848
3057 3 1 517 847 848
3058 3 1 517 276 847
3059 3 1 848 847 365
3060 3 1 276 849 847
3061 3 1 849 850 847
3062 3 1 849 364 850
3063 3 1 847 850 365
3064 3 1 276 516 849
3065 3 1 516 851 849
3066 3 1 516 201 851
3067 3 1 849 851 364
3068 3 1 365 850 853
3069 3 1 850 852 853
3070 3 1 850 364 852
3071 3 1 853 852 234
3072 3 1 228 826 855
3073 3 1 826 854 855
3074 3 1 826 359 854
3075 3 1 855 854 367
3076 3 1 359 856 854
3077 3 1 856 857 854
3078 3 1 856 366 857
3079 3 1 854 857 367
3080 3 1 359 825 856
3081 3 1 825 858 856
3082 3 1 825 227 858
3083 3 1 856 858 366
3084 3 1 367 857 860
3085 3 1 857 859 860
3086 3 1 857 366 859
3087 3 1 860 859 229
3088 3 1 152 153 862
3089 3 1 153 861 862
3090 3 1 153 154 861
3091 3 1 862 861 369
3092 3 1 154 863 861
3093 3 1 863 864 861
3094 3 1 863 368 864
3095 3 1 861 864 369
3096 3 1 154 155 863
3097 3 1 155 865 863
3098 3 1 155 156 865
3099 3 1 863 865 368
3100 3 1 369 864 867
3101 3 1 864 866 867
3102 3 1 864 368 866
3103 3 1 867 866 230
3104 3 1 56 57 869
3105 3 1 57 868 869
3106 3 1 57 58 868
3107 3 1 869 868 371
3108 3 1 58 870 868
3109 3 1 870 871 868
3110 3 1 870 370 871
3111 3 1 868 871 371
3112 3 1 58 59 870
3113 3 1 59 872 870
3114 3 1 59 60 872
3115 3 1 870 872 370
3116 3 1 371 871 874
3117 3 1 871 873 874
3118 3 1 871 370 873
3119 3 1 874 873 232
3120 3 1 144 145 876
3121 3 1 145 875 876
3122 3 1 145 146 875
3123 3 1 876 875 373
3124 3 1 146 877 875
3125 3 1 877 878 875
3126 3 1 877 372 878
3127 3 1 875 878 373
3128 3 1 146 147 877
3129 3 1 147 879 877
3130 3 1 147 148 879
3131 3 1 877 879 372
3132 3 1 373 878 881
3133 3 1 878 880 881
3134 3 1 878 372 880
3135 3 1 881 880 231
3136 3 1 37 38 883
3137 3 1 38 882 883
3138 3 1 38 39 882
3139 3 1 883 882 375
3140 3 1 39 884 882
3141 3 1 884 885 882
3142 3 1 884 374 885
3143 3 1 882 885 375
3144 3 1 39 40 884
3145 3 1 40 886 884
3146 3 1 40 41 886
3147 3 1 884 886 374
3148 3 1 375 885 888
3149 3 1 885 887 888
3150 3 1 885 374 887
3151 3 1 888 887 233
3152 3 1 211 790 601
3153 3 1 790 889 601
3154 3 1 790 350 889
3155 3 1 601 889 302
3156 3 1 350 890 889
3157 3 1 890 891 889
3158 3 1 890 376 891
3159 3 1 889 891 302
3160 3 1 350 789 890
3161 3 1 789 892 890
3162 3 1 789 206 892
3163 3 1 890 892 376
3164 3 1 302 891 602
3165 3 1 891 893 602
3166 3 1 891 376 893
3167 3 1 602 893 232
3168 3 1 227 821 858
3169 3 1 821 894 858
3170 3 1 821 358 894
3171 3 1 858 894 366
3172 3 1 358 895 894
3173 3 1 895 896 894
3174 3 1 895 377 896
3175 3 1 894 896 366
3176 3 1 358 820 895
3177 3 1 820 897 895
3178 3 1 820 199 897
3179 3 1 895 897 377
3180 3 1 366 896 859
3181 3 1 896 898 859
3182 3 1 896 377 898
3183 3 1 859 898 229
3184 3 1 187 686 900
3185 3 1 686 899 900
3186 3 1 686 326 899
3187 3 1 900 899 379
3188 3 1 326 901 899
3189 3 1 901 902 899
3190 3 1 901 378 902
3191 3 1 899 902 379
3192 3 1 326 691 901
3193 3 1 691 903 901
3194 3 1 691 202 903
3195 3 1 901 903 378
3196 3 1 379 902 905
3197 3 1 902 904 905
3198 3 1 902 378 904
3199 3 1 905 904 234
3200 3 1 201 697 851
3201 3 1 697 906 851
3202 3 1 697 327 906
3203 3 1 851 906 364
3204 3 1 327 907 906
3205 3 1 907 908 906
3206 3 1 907 380 908
3207 3 1 906 908 364
3208 3 1 327 696 907
3209 3 1 696 909 907
3210 3 1 696 183 909
3211 3 1 907 909 380
3212 3 1 364 908 852
3213 3 1 908 910 852
3214 3 1 908 380 910
3215 3 1 852 910 234
3216 3 1 217 558 465
3217 3 1 558 911 465
3218 3 1 558 289 911
3219 3 1 465 911 261
3220 3 1 289 912 911
3221 3 1 912 913 911
3222 3 1 912 381 913
3223 3 1 911 913 261
3224 3 1 289 557 912
3225 3 1 557 914 912
3226 3 1 557 200 914
3227 3 1 912 914 381
3228 3 1 261 913 466
3229 3 1 913 915 466
3230 3 1 913 381 915
3231 3 1 466 915 235
3232 3 1 205 745 500
3233 3 1 745 916 500
3234 3 1 745 339 916
3235 3 1 500 916 273
3236 3 1 339 917 916
3237 3 1 917 918 916
3238 3 1 917 369 918
3239 3 1 916 918 273
3240 3 1 339 744 917
3241 3 1 744 862 917
3242 3 1 744 152 862
3243 3 1 917 862 369
3244 3 1 273 918 504
3245 3 1 918 867 504
3246 3 1 918 369 867
3247 3 1 504 867 230
3248 3 1 148 741 879
3249 3 1 741 919 879
3250 3 1 741 340 919
3251 3 1 879 919 372
3252 3 1 340 920 919
3253 3 1 920 921 919
3254 3 1 920 271 921
3255 3 1 919 921 372
3256 3 1 340 746 920
3257 3 1 746 497 920
3258 3 1 746 205 497
3259 3 1 920 497 271
3260 3 1 372 921 880
3261 3 1 921 493 880
3262 3 1 921 271 493
3263 3 1 880 493 231
3264 3 1 203 751 424
3265 3 1 751 922 424
3266 3 1 751 341 922
3267 3 1 424 922 248
3268 3 1 341 923 922
3269 3 1 923 924 922
3270 3 1 923 375 924
3271 3 1 922 924 248
3272 3 1 341 750 923
3273 3 1 750 883 923
3274 3 1 750 37 883
3275 3 1 923 883 375
3276 3 1 248 924 425
3277 3 1 924 888 425
3278 3 1 924 375 888
3279 3 1 425 888 233
3280 3 1 206 657 892
3281 3 1 657 925 892
3282 3 1 657 316 925
3283 3 1 892 925 376
3284 3 1 316 926 925
3285 3 1 926 927 925
3286 3 1 926 371 927
3287 3 1 925 927 376
3288 3 1 316 656 926
3289 3 1 656 869 926
3290 3 1 656 56 869
3291 3 1 926 869 371
3292 3 1 376 927 893
3293 3 1 927 874 893
3294 3 1 927 371 874
3295 3 1 893 874 232
3296 3 1 202 722 929
3297 3 1 722 928 929
3298 3 1 722 334 928
3299 3 1 929 928 382
3300 3 1 334 930 928
3301 3 1 930 931 928
3302 3 1 930 286 931
3303 3 1 928 931 382
3304 3 1 334 725 930
3305 3 1 725 539 930
3306 3 1 725 226 539
3307 3 1 930 539 286
3308 3 1 382 931 932
3309 3 1 931 545 932
3310 3 1 931 286 545
3311 3 1 932 545 240
3312 3 1 179 693 934
3313 3 1 693 933 934
3314 3 1 693 328 933
3315 3 1 934 933 383
3316 3 1 328 935 933
3317 3 1 935 936 933
3318 3 1 935 262 936
3319 3 1 933 936 383
3320 3 1 328 698 935
3321 3 1 698 462 935
3322 3 1 698 201 462
3323 3 1 935 462 262
3324 3 1 383 936 937
3325 3 1 936 467 937
3326 3 1 936 262 467
3327 3 1 937 467 235
3328 3 1 200 775 914
3329 3 1 775 938 914
3330 3 1 775 345 938
3331 3 1 914 938 381
3332 3 1 345 939 938
3333 3 1 939 940 938
3334 3 1 939 384 940
3335 3 1 938 940 381
3336 3 1 345 774 939
3337 3 1 774 941 939
3338 3 1 774 175 941
3339 3 1 939 941 384
3340 3 1 381 940 915
3341 3 1 940 942 915
3342 3 1 940 384 942
3343 3 1 915 942 235
3344 3 1 171 771 944
3345 3 1 771 943 944
3346 3 1 771 346 943
3347 3 1 944 943 385
3348 3 1 346 945 943
3349 3 1 945 946 943
3350 3 1 945 310 946
3351 3 1 943 946 385
3352 3 1 346 776 945
3353 3 1 776 632 945
3354 3 1 776 200 632
3355 3 1 945 632 310
3356 3 1 385 946 947
3357 3 1 946 635 947
3358 3 1 946 310 635
3359 3 1 947 635 236
3360 3 1 208 796 509
3361 3 1 796 948 509
3362 3 1 796 351 948
3363 3 1 509 948 274
3364 3 1 351 949 948
3365 3 1 949 950 948
3366 3 1 949 386 950
3367 3 1 948 950 274
3368 3 1 351 795 949
3369 3 1 795 951 949
3370 3 1 795 167 951
3371 3 1 949 951 386
3372 3 1 274 950 510
3373 3 1 950 952 510
3374 3 1 950 386 952
3375 3 1 510 952 236
3376 3 1 210 728 440
3377 3 1 728 953 440
3378 3 1 728 336 953
3379 3 1 440 953 253
3380 3 1 336 954 953
3381 3 1 954 955 953
3382 3 1 954 387 955
3383 3 1 953 955 253
3384 3 1 336 732 954
3385 3 1 732 956 954
3386 3 1 732 212 956
3387 3 1 954 956 387
3388 3 1 253 955 441
3389 3 1 955 957 441
3390 3 1 955 387 957
3391 3 1 441 957 237
3392 3 1 222 638 959
3393 3 1 638 958 959
3394 3 1 638 313 958
3395 3 1 959 958 388
3396 3 1 313 960 958
3397 3 1 960 961 958
3398 3 1 960 304 961
3399 3 1 958 961 388
3400 3 1 313 644 960
3401 3 1 644 605 960
3402 3 1 644 223 605
3403 3 1 960 605 304
3404 3 1 388 961 962
3405 3 1 961 608 962
3406 3 1 961 304 608
3407 3 1 962 608 238
3408 3 1 204 666 964
3409 3 1 666 963 964
3410 3 1 666 321 963
3411 3 1 964 963 389
3412 3 1 321 965 963
3413 3 1 965 966 963
3414 3 1 965 307 966
3415 3 1 963 966 389
3416 3 1 321 672 965
3417 3 1 672 615 965
3418 3 1 672 224 615
3419 3 1 965 615 307
3420 3 1 389 966 967
3421 3 1 966 620 967
3422 3 1 966 307 620
3423 3 1 967 620 241
3424 3 1 0 6 969
3425 3 1 6 968 969
3426 3 1 6 7 968
3427 3 1 969 968 391
3428 3 1 7 970 968
3429 3 1 970 971 968
3430 3 1 970 390 971
3431 3 1 968 971 391
3432 3 1 7 8 970
3433 3 1 8 972 970
3434 3 1 8 9 972
3435 3 1 970 972 390
3436 3 1 391 971 974
3437 3 1 971 973 974
3438 3 1 971 390 973
3439 3 1 974 973 242
3440 3 1 195 196 976
3441 3 1 196 975 976
3442 3 1 196 197 975
3443 3 1 976 975 393
3444 3 1 197 977 975
3445 3 1 977 978 975
3446 3 1 977 392 978
3447 3 1 975 978 393
3448 3 1 197 198 977
3449 3 1 198 979 977
3450 3 1 198 5 979
3451 3 1 977 979 392
3452 3 1 393 978 981
3453 3 1 978 980 981
3454 3 1 978 392 980
3455 3 1 981 980 243
3456 3 1 5 141 979
3457 3 1 141 982 979
3458 3 1 141 142 982
3459 3 1 979 982 392
3460 3 1 142 983 982
3461 3 1 983 984 982
3462 3 1 983 394 984
3463 3 1 982 984 392
3464 3 1 142 143 983
3465 3 1 143 985 983
3466 3 1 143 144 985
3467 3 1 983 985 394
3468 3 1 392 984 980
3469 3 1 984 986 980
3470 3 1 984 394 986
3471 3 1 980 986 243
3472 3 1 60 61 988
3473 3 1 61 987 988
3474 3 1 61 62 987
3475 3 1 988 987 396
3476 3 1 62 989 987
3477 3 1 989 990 987
3478 3 1 989 395 990
3479 3 1 987 990 396
3480 3 1 62 63 989
3481 3 1 63 991 989
3482 3 1 63 2 991
3483 3 1 989 991 395
3484 3 1 396 990 993
3485 3 1 990 992 993
3486 3 1 990 395 992
3487 3 1 993 992 244
3488 3 1 2 160 991
3489 3 1 160 994 991
3490 3 1 160 161 994
3491 3 1 991 994 395
3492 3 1 161 995 994
3493 3 1 995 996 994
3494 3 1 995 397 996
3495 3 1 994 996 395
3496 3 1 161 162 995
3497 3 1 162 997 995
3498 3 1 162 163 997
3499 3 1 995 997 397
3500 3 1 395 996 992
3501 3 1 996 998 992
3502 3 1 996 397 998
3503 3 1 992 998 244
3504 3 1 156 157 1000
3505 3 1 157 999 1000
3506 3 1 157 158 999
3507 3 1 1000 999 398
3508 3 1 158 1001 999
3509 3 1 1001 1002 999
3510 3 1 1001 391 1002
3511 3 1 999 1002 398
3512 3 1 158 159 1001
3513 3 1 159 969 1001
3514 3 1 159 0 969
3515 3 1 1001 969 391
3516 3 1 398 1002 1003
3517 3 1 1002 974 1003
3518 3 1 1002 391 974
3519 3 1 1003 974 242
3520 3 1 1 45 1005
3521 3 1 45 1004 1005
3522 3 1 45 46 1004
3523 3 1 1005 1004 400
3524 3 1 46 1006 1004
3525 3 1 1006 1007 1004
3526 3 1 1006 399 1007
3527 3 1 1004 1007 400
3528 3 1 46 47 1006
3529 3 1 47 1008 1006
3530 3 1 47 48 1008
3531 3 1 1006 1008 399
3532 3 1 400 1007 1010
3533 3 1 1007 1009 1010
3534 3 1 1007 399 1009
3535 3 1 1010 1009 245
3536 3 1 41 42 1012
3537 3 1 42 1011 1012
3538 3 1 42 43 1011
3539 3 1 1012 1011 401
3540 3 1 43 1013 1011
3541 3 1 1013 1014 1011
3542 3 1 1013 400 1014
3543 3 1 1011 1014 401
3544 3 1 43 44 1013
3545 3 1 44 1005 1013
3546 3 1 44 1 1005
3547 3 1 1013 1005 400
3548 3 1 401 1014 1015
3549 3 1 1014 1010 1015
3550 3 1 1014 400 1010
3551 3 1 1015 1010 245
3552 3 1 183 184 909
3553 3 1 184 1016 909
3554 3 1 184 185 1016
3555 3 1 909 1016 380
3556 3 1 185 1017 1016
3557 3 1 1017 1018 1016
3558 3 1 1017 379 1018
3559 3 1 1016 1018 380
3560 3 1 185 186 1017
3561 3 1 186 900 1017
3562 3 1 186 187 900
3563 3 1 1017 900 379
3564 3 1 380 1018 910
3565 3 1 1018 905 910
3566 3 1 1018 379 905
3567 3 1 910 905 234
3568 3 1 229 898 564
3569 3 1 898 1019 564
3570 3 1 898 377 1019
3571 3 1 564 1019 291
3572 3 1 377 1020 1019
3573 3 1 1020 1021 1019
3574 3 1 1020 402 1021
3575 3 1 1019 1021 291
3576 3 1 377 897 1020
3577 3 1 897 1022 1020
3578 3 1 897 199 1022
3579 3 1 1020 1022 402
3580 3 1 291 1021 565
3581 3 1 1021 1023 565
3582 3 1 1021 402 1023
3583 3 1 565 1023 238
3584 3 1 216 488 1025
3585 3 1 488 1024 1025
3586 3 1 488 270 1024
3587 3 1 1025 1024 404
3588 3 1 270 1026 1024
3589 3 1 1026 1027 1024
3590 3 1 1026 403 1027
3591 3 1 1024 1027 404
3592 3 1 270 492 1026
3593 3 1 492 1028 1026
3594 3 1 492 223 1028
3595 3 1 1026 1028 403
3596 3 1 404 1027 1030
3597 3 1 1027 1029 1030
3598 3 1 1027 403 1029
3599 3 1 1030 1029 241
3600 3 1 234 904 1032
3601 3 1 904 1031 1032
3602 3 1 904 378 1031
3603 3 1 1032 1031 405
3604 3 1 378 1033 1031
3605 3 1 1033 1034 1031
3606 3 1 1033 382 1034
3607 3 1 1031 1034 405
3608 3 1 378 903 1033
3609 3 1 903 929 1033
3610 3 1 903 202 929
3611 3 1 1033 929 382
3612 3 1 405 1034 1035
3613 3 1 1034 932 1035
3614 3 1 1034 382 932
3615 3 1 1035 932 240
3616 3 1 215 735 618
3617 3 1 735 1036 618
3618 3 1 735 338 1036
3619 3 1 618 1036 306
3620 3 1 338 1037 1036
3621 3 1 1037 1038 1036
3622 3 1 1037 404 1038
3623 3 1 1036 1038 306
3624 3 1 338 739 1037
3625 3 1 739 1025 1037
3626 3 1 739 216 1025
3627 3 1 1037 1025 404
3628 3 1 306 1038 619
3629 3 1 1038 1030 619
3630 3 1 1038 404 1030
3631 3 1 619 1030 241
3632 3 1 175 176 941
3633 3 1 176 1039 941
3634 3 1 176 177 1039
3635 3 1 941 1039 384
3636 3 1 177 1040 1039
3637 3 1 1040 1041 1039
3638 3 1 1040 383 1041
3639 3 1 1039 1041 384
3640 3 1 177 178 1040
3641 3 1 178 934 1040
3642 3 1 178 179 934
3643 3 1 1040 934 383
3644 3 1 384 1041 942
3645 3 1 1041 937 942
3646 3 1 1041 383 937
3647 3 1 942 937 235
3648 3 1 167 168 951
3649 3 1 168 1042 951
3650 3 1 168 169 1042
3651 3 1 951 1042 386
3652 3 1 169 1043 1042
3653 3 1 1043 1044 1042
3654 3 1 1043 385 1044
3655 3 1 1042 1044 386
3656 3 1 169 170 1043
3657 3 1 170 944 1043
3658 3 1 170 171 944
3659 3 1 1043 944 385
3660 3 1 386 1044 952
3661 3 1 1044 947 952
3662 3 1 1044 385 947
3663 3 1 952 947 236
3664 3 1 212 766 956
3665 3 1 766 1045 956
3666 3 1 766 344 1045
3667 3 1 956 1045 387
3668 3 1 344 1046 1045
3669 3 1 1046 1047 1045
3670 3 1 1046 301 1047
3671 3 1 1045 1047 387
3672 3 1 344 769 1046
3673 3 1 769 590 1046
3674 3 1 769 215 590
3675 3 1 1046 590 301
3676 3 1 387 1047 957
3677 3 1 1047 596 957
3678 3 1 1047 301 596
3679 3 1 957 596 237
3680 3 1 199 828 1022
3681 3 1 828 1048 1022
3682 3 1 828 360 1048
3683 3 1 1022 1048 402
3684 3 1 360 1049 1048
3685 3 1 1049 1050 1048
3686 3 1 1049 388 1050
3687 3 1 1048 1050 402
3688 3 1 360 831 1049
3689 3 1 831 959 1049
3690 3 1 831 222 959
3691 3 1 1049 959 388
3692 3 1 402 1050 1023
3693 3 1 1050 962 1023
3694 3 1 1050 388 962
3695 3 1 1023 962 238
3696 3 1 221 630 543
3697 3 1 630 1051 543
3698 3 1 630 309 1051
3699 3 1 543 1051 285
3700 3 1 309 1052 1051
3701 3 1 1052 1053 1051
3702 3 1 1052 406 1053
3703 3 1 1051 1053 285
3704 3 1 309 629 1052
3705 3 1 629 1054 1052
3706 3 1 629 219 1054
3707 3 1 1052 1054 406
3708 3 1 285 1053 544
3709 3 1 1053 1055 544
3710 3 1 1053 406 1055
3711 3 1 544 1055 240
3712 3 1 223 643 1028
3713 3 1 643 1056 1028
3714 3 1 643 312 1056
3715 3 1 1028 1056 403
3716 3 1 312 1057 1056
3717 3 1 1057 1058 1056
3718 3 1 1057 389 1058
3719 3 1 1056 1058 403
3720 3 1 312 642 1057
3721 3 1 642 964 1057
3722 3 1 642 204 964
3723 3 1 1057 964 389
3724 3 1 403 1058 1029
3725 3 1 1058 967 1029
3726 3 1 1058 389 967
3727 3 1 1029 967 241
3728 3 1 228 855 1060
3729 3 1 855 1059 1060
3730 3 1 855 367 1059
3731 3 1 1060 1059 408
3732 3 1 367 1061 1059
3733 3 1 1061 1062 1059
3734 3 1 1061 407 1062
3735 3 1 1059 1062 408
3736 3 1 367 860 1061
3737 3 1 860 1063 1061
3738 3 1 860 229 1063
3739 3 1 1061 1063 407
3740 3 1 408 1062 1065
3741 3 1 1062 1064 1065
3742 3 1 1062 407 1064
3743 3 1 1065 1064 246
3744 3 1 226 470 550
3745 3 1 470 1066 550
3746 3 1 470 265 1066
3747 3 1 550 1066 287
3748 3 1 265 1067 1066
3749 3 1 1067 1068 1066
3750 3 1 1067 409 1068
3751 3 1 1066 1068 287
3752 3 1 265 476 1067
3753 3 1 476 1069 1067
3754 3 1 476 239 1069
3755 3 1 1067 1069 409
3756 3 1 287 1068 551
3757 3 1 1068 1070 551
3758 3 1 1068 409 1070
3759 3 1 551 1070 246
3760 3 1 230 866 1072
3761 3 1 866 1071 1072
3762 3 1 866 368 1071
3763 3 1 1072 1071 410
3764 3 1 368 1073 1071
3765 3 1 1073 1074 1071
3766 3 1 1073 398 1074
3767 3 1 1071 1074 410
3768 3 1 368 865 1073
3769 3 1 865 1000 1073
3770 3 1 865 156 1000
3771 3 1 1073 1000 398
3772 3 1 410 1074 1075
3773 3 1 1074 1003 1075
3774 3 1 1074 398 1003
3775 3 1 1075 1003 242
3776 3 1 233 887 1077
3777 3 1 887 1076 1077
3778 3 1 887 374 1076
3779 3 1 1077 1076 411
3780 3 1 374 1078 1076
3781 3 1 1078 1079 1076
3782 3 1 1078 401 1079
3783 3 1 1076 1079 411
3784 3 1 374 886 1078
3785 3 1 886 1012 1078
3786 3 1 886 41 1012
3787 3 1 1078 1012 401
3788 3 1 411 1079 1080
3789 3 1 1079 1015 1080
3790 3 1 1079 401 1015
3791 3 1 1080 1015 245
3792 3 1 232 873 1082
3793 3 1 873 1081 1082
3794 3 1 873 370 1081
3795 3 1 1082 1081 412
3796 3 1 370 1083 1081
3797 3 1 1083 1084 1081
3798 3 1 1083 396 1084
3799 3 1 1081 1084 412
3800 3 1 370 872 1083
3801 3 1 872 988 1083
3802 3 1 872 60 988
3803 3 1 1083 988 396
3804 3 1 412 1084 1085
3805 3 1 1084 993 1085
3806 3 1 1084 396 993
3807 3 1 1085 993 244
3808 3 1 144 876 985
3809 3 1 876 1086 985
3810 3 1 876 373 1086
3811 3 1 985 1086 394
3812 3 1 373 1087 1086
3813 3 1 1087 1088 1086
3814 3 1 1087 413 1088
3815 3 1 1086 1088 394
3816 3 1 373 881 1087
3817 3 1 881 1089 1087
3818 3 1 881 231 1089
3819 3 1 1087 1089 413
3820 3 1 394 1088 986
3821 3 1 1088 1090 986
3822 3 1 1088 413 1090
3823 3 1 986 1090 243
3824 3 1 219 848 1054
3825 3 1 848 1091 1054
3826 3 1 848 365 1091
3827 3 1 1054 1091 406
3828 3 1 365 1092 1091
3829 3 1 1092 1093 1091
3830 3 1 1092 405 1093
3831 3 1 1091 1093 406
3832 3 1 365 853 1092
3833 3 1 853 1032 1092
3834 3 1 853 234 1032
3835 3 1 1092 1032 405
3836 3 1 406 1093 1055
3837 3 1 1093 1035 1055
3838 3 1 1093 405 1035
3839 3 1 1055 1035 240
3840 3 1 225 759 1095
3841 3 1 759 1094 1095
3842 3 1 759 342 1094
3843 3 1 1095 1094 414
3844 3 1 342 1096 1094
3845 3 1 1096 1097 1094
3846 3 1 1096 393 1097
3847 3 1 1094 1097 414
3848 3 1 342 758 1096
3849 3 1 758 976 1096
3850 3 1 758 195 976
3851 3 1 1096 976 393
3852 3 1 414 1097 1098
3853 3 1 1097 981 1098
3854 3 1 1097 393 981
3855 3 1 1098 981 243
3856 3 1 9 778 972
3857 3 1 778 1099 972
3858 3 1 778 348 1099
3859 3 1 972 1099 390
3860 3 1 348 1100 1099
3861 3 1 1100 1101 1099
3862 3 1 1100 415 1101
3863 3 1 1099 1101 390
3864 3 1 348 783 1100
3865 3 1 783 1102 1100
3866 3 1 783 207 1102
3867 3 1 1100 1102 415
3868 3 1 390 1101 973
3869 3 1 1101 1103 973
3870 3 1 1101 415 1103
3871 3 1 973 1103 242
3872 3 1 163 792 997
3873 3 1 792 1104 997
3874 3 1 792 352 1104
3875 3 1 997 1104 397
3876 3 1 352 1105 1104
3877 3 1 1105 1106 1104
3878 3 1 1105 416 1106
3879 3 1 1104 1106 397
3880 3 1 352 797 1105
3881 3 1 797 1107 1105
3882 3 1 797 208 1107
3883 3 1 1105 1107 416
3884 3 1 397 1106 998
3885 3 1 1106 1108 998
3886 3 1 1106 416 1108
3887 3 1 998 1108 244
3888 3 1 48 843 1008
3889 3 1 843 1109 1008
3890 3 1 843 363 1109
3891 3 1 1008 1109 399
3892 3 1 363 1110 1109
3893 3 1 1110 1111 1109
3894 3 1 1110 417 1111
3895 3 1 1109 1111 399
3896 3 1 363 846 1110
3897 3 1 846 1112 1110
3898 3 1 846 209 1112
3899 3 1 1110 1112 417
3900 3 1 399 1111 1009
3901 3 1 1111 1113 1009
3902 3 1 1111 417 1113
3903 3 1 1009 1113 245
3904 3 1 229 526 1063
3905 3 1 526 1114 1063
3906 3 1 526 279 1114
3907 3 1 1063 1114 407
3908 3 1 279 1115 1114
3909 3 1 1115 1116 1114
3910 3 1 1115 288 1116
3911 3 1 1114 1116 407
3912 3 1 279 525 1115
3913 3 1 525 547 1115
3914 3 1 525 221 547
3915 3 1 1115 547 288
3916 3 1 407 1116 1064
3917 3 1 1116 552 1064
3918 3 1 1116 288 552
3919 3 1 1064 552 246
3920 3 1 207 576 1102
3921 3 1 576 1117 1102
3922 3 1 576 296 1117
3923 3 1 1102 1117 415
3924 3 1 296 1118 1117
3925 3 1 1118 1119 1117
3926 3 1 1118 410 1119
3927 3 1 1117 1119 415
3928 3 1 296 580 1118
3929 3 1 580 1072 1118
3930 3 1 580 230 1072
3931 3 1 1118 1072 410
3932 3 1 415 1119 1103
3933 3 1 1119 1075 1103
3934 3 1 1119 410 1075
3935 3 1 1103 1075 242
3936 3 1 208 598 1107
3937 3 1 598 1120 1107
3938 3 1 598 303 1120
3939 3 1 1107 1120 416
3940 3 1 303 1121 1120
3941 3 1 1121 1122 1120
3942 3 1 1121 412 1122
3943 3 1 1120 1122 416
3944 3 1 303 603 1121
3945 3 1 603 1082 1121
3946 3 1 603 232 1082
3947 3 1 1121 1082 412
3948 3 1 416 1122 1108
3949 3 1 1122 1085 1108
3950 3 1 1122 412 1085
3951 3 1 1108 1085 244
3952 3 1 209 583 1112
3953 3 1 583 1123 1112
3954 3 1 583 298 1123
3955 3 1 1112 1123 417
3956 3 1 298 1124 1123
3957 3 1 1124 1125 1123
3958 3 1 1124 411 1125
3959 3 1 1123 1125 417
3960 3 1 298 587 1124
3961 3 1 587 1077 1124
3962 3 1 587 233 1077
3963 3 1 1124 1077 411
3964 3 1 417 1125 1113
3965 3 1 1125 1080 1113
3966 3 1 1125 411 1080
3967 3 1 1113 1080 245
3968 3 1 231 573 1089
3969 3 1 573 1126 1089
3970 3 1 573 294 1126
3971 3 1 1089 1126 413
3972 3 1 294 1127 1126
3973 3 1 1127 1128 1126
3974 3 1 1127 414 1128
3975 3 1 1126 1128 413
3976 3 1 294 572 1127
3977 3 1 572 1095 1127
3978 3 1 572 225 1095
3979 3 1 1127 1095 414
3980 3 1 413 1128 1090
3981 3 1 1128 1098 1090
3982 3 1 1128 414 1098
3983 3 1 1090 1098 243
3984 3 1 239 484 1069
3985 3 1 484 1129 1069
3986 3 1 484 267 1129
3987 3 1 1069 1129 409
3988 3 1 267 1130 1129
3989 3 1 1130 1131 1129
3990 3 1 1130 408 1131
3991 3 1 1129 1131 409
3992 3 1 267 483 1130
3993 3 1 483 1060 1130
3994 3 1 483 228 1060
3995 3 1 1130 1060 408
3996 3 1 409 1131 1070
3997 3 1 1131 1065 1070
3998 3 1 1131 408 1065
3999 3 1 1070 1065 246
