3 0.000000 -0.048780
4 0.000000 -0.048780
83 0.000000 -0.048780
84 0.000000 -0.048780
85 0.000000 -0.048780
86 0.000000 -0.048780
87 0.000000 -0.048780
88 0.000000 -0.048780
89 0.000000 -0.048780
90 0.000000 -0.048780
91 0.000000 -0.048780
92 0.000000 -0.048780
93 0.000000 -0.048780
94 0.000000 -0.048780
95 0.000000 -0.048780
96 0.000000 -0.048780
97 0.000000 -0.048780
98 0.000000 -0.048780
99 0.000000 -0.048780
100 0.000000 -0.048780
101 0.000000 -0.048780
102 0.000000 -0.048780
103 0.000000 -0.048780
104 0.000000 -0.048780
105 0.000000 -0.048780
106 0.000000 -0.048780
107 0.000000 -0.048780
108 0.000000 -0.048780
109 0.000000 -0.048780
110 0.000000 -0.048780
111 0.000000 -0.048780
112 0.000000 -0.048780
113 0.000000 -0.048780
114 0.000000 -0.048780
115 0.000000 -0.048780
116 0.000000 -0.048780
117 0.000000 -0.048780
118 0.000000 -0.048780
119 0.000000 -0.048780
120 0.000000 -0.048780
121 0.000000 -0.048780
