0 0.0000 0.0000 0 -1
1 5.0000 0.0000 0 -1
2 5.0000 2.5000 -1 0
3 5.0000 5.0000 -1 0
4 0.0000 5.0000 -1 0
5 0.0000 2.5000 -1 0
6 0.1250 0.0000 0 -1
7 0.2500 0.0000 0 -1
8 0.3750 0.0000 0 -1
9 0.5000 0.0000 0 -1
10 0.6250 0.0000 0 -1
11 0.7500 0.0000 0 -1
12 0.8750 0.0000 0 -1
13 1.0000 0.0000 0 -1
14 1.1250 0.0000 0 -1
15 1.2500 0.0000 0 -1
16 1.3750 0.0000 0 -1
17 1.5000 0.0000 0 -1
18 1.6250 0.0000 0 -1
19 1.7500 0.0000 0 -1
20 1.8750 0.0000 0 -1
21 2.0000 0.0000 0 -1
22 2.1250 0.0000 0 -1
23 2.2500 0.0000 0 -1
24 2.3750 0.0000 0 -1
25 2.5000 0.0000 0 -1
26 2.6250 0.0000 0 -1
27 2.7500 0.0000 0 -1
28 2.8750 0.0000 0 -1
29 3.0000 0.0000 0 -1
30 3.1250 0.0000 0 -1
31 3.2500 0.0000 0 -1
32 3.3750 0.0000 0 -1
33 3.5000 0.0000 0 -1
34 3.6250 0.0000 0 -1
35 3.7500 0.0000 0 -1
36 3.8750 0.0000 0 -1
37 4.0000 0.0000 0 -1
38 4.1250 0.0000 0 -1
39 4.2500 0.0000 0 -1
40 4.3750 0.0000 0 -1
41 4.5000 0.0000 0 -1
42 4.6250 0.0000 0 -1
43 4.7500 0.0000 0 -1
44 4.8750 0.0000 0 -1
45 5.0000 0.1250 -1 0
46 5.0000 0.2500 -1 0
47 5.0000 0.3750 -1 0
48 5.0000 0.5000 -1 0
49 5.0000 0.6250 -1 0
50 5.0000 0.7500 -1 0
51 5.0000 0.8750 -1 0
52 5.0000 1.0000 -1 0
53 5.0000 1.1250 -1 0
54 5.0000 1.2500 -1 0
55 5.0000 1.3750 -1 0
56 5.0000 1.5000 -1 0
57 5.0000 1.6250 -1 0
58 5.0000 1.7500 -1 0
59 5.0000 1.8750 -1 0
60 5.0000 2.0000 -1 0
61 5.0000 2.1250 -1 0
62 5.0000 2.2500 -1 0
63 5.0000 2.3750 -1 0
64 5.0000 2.6250 -1 0
65 5.0000 2.7500 -1 0
66 5.0000 2.8750 -1 0
67 5.0000 3.0000 -1 0
68 5.0000 3.1250 -1 0
69 5.0000 3.2500 -1 0
70 5.0000 3.3750 -1 0
71 5.0000 3.5000 -1 0
72 5.0000 3.6250 -1 0
73 5.0000 3.7500 -1 0
74 5.0000 3.8750 -1 0
75 5.0000 4.0000 -1 0
76 5.0000 4.1250 -1 0
77 5.0000 4.2500 -1 0
78 5.0000 4.3750 -1 0
79 5.0000 4.5000 -1 0
80 5.0000 4.6250 -1 0
81 5.0000 4.7500 -1 0
82 5.0000 4.8750 -1 0
83 4.8750 5.0000 0 0
84 4.7500 5.0000 0 0
85 4.6250 5.0000 0 0
86 4.5000 5.0000 0 0
87 4.3750 5.0000 0 0
88 4.2500 5.0000 0 0
89 4.1250 5.0000 0 0
90 4.0000 5.0000 0 0
91 3.8750 5.0000 0 0
92 3.7500 5.0000 0 0
93 3.6250 5.0000 0 0
94 3.5000 5.0000 0 0
95 3.3750 5.0000 0 0
96 3.2500 5.0000 0 0
97 3.1250 5.0000 0 0
98 3.0000 5.0000 0 0
99 2.8750 5.0000 0 0
100 2.7500 5.0000 0 0
101 2.6250 5.0000 0 0
102 2.5000 5.0000 0 0
103 2.3750 5.0000 0 0
104 2.2500 5.0000 0 0
105 2.1250 5.0000 0 0
106 2.0000 5.0000 0 0
107 1.8750 5.0000 0 0
108 1.7500 5.0000 0 0
109 1.6250 5.0000 0 0
110 1.5000 5.0000 0 0
111 1.3750 5.0000 0 0
112 1.2500 5.0000 0 0
113 1.1250 5.0000 0 0
114 1.0000 5.0000 0 0
115 0.8750 5.0000 0 0
116 0.7500 5.0000 0 0
117 0.6250 5.0000 0 0
118 0.5000 5.0000 0 0
119 0.3750 5.0000 0 0
120 0.2500 5.0000 0 0
121 0.1250 5.0000 0 0
122 0.0000 4.8750 -1 0
123 0.0000 4.7500 -1 0
124 0.0000 4.6250 -1 0
125 0.0000 4.5000 -1 0
126 0.0000 4.3750 -1 0
127 0.0000 4.2500 -1 0
128 0.0000 4.1250 -1 0
129 0.0000 4.0000 -1 0
130 0.0000 3.8750 -1 0
131 0.0000 3.7500 -1 0
132 0.0000 3.6250 -1 0
133 0.0000 3.5000 -1 0
134 0.0000 3.3750 -1 0
135 0.0000 3.2500 -1 0
136 0.0000 3.1250 -1 0
137 0.0000 3.0000 -1 0
138 0.0000 2.8750 -1 0
139 0.0000 2.7500 -1 0
140 0.0000 2.6250 -1 0
141 0.0000 2.3750 -1 0
142 0.0000 2.2500 -1 0
143 0.0000 2.1250 -1 0
144 0.0000 2.0000 -1 0
145 0.0000 1.8750 -1 0
146 0.0000 1.7500 -1 0
147 0.0000 1.6250 -1 0
148 0.0000 1.5000 -1 0
149 0.0000 1.3750 -1 0
150 0.0000 1.2500 -1 0
151 0.0000 1.1250 -1 0
152 0.0000 1.0000 -1 0
153 0.0000 0.8750 -1 0
154 0.0000 0.7500 -1 0
155 0.0000 0.6250 -1 0
156 0.0000 0.5000 -1 0
157 0.0000 0.3750 -1 0
158 0.0000 0.2500 -1 0
159 0.0000 0.1250 -1 0
160 4.8750 2.5000 0 0
161 4.7500 2.5000 0 0
162 4.6250 2.5000 0 0
163 4.5000 2.5000 0 0
164 4.3750 2.5000 0 0
165 4.2500 2.5000 0 0
166 4.1250 2.5000 0 0
167 4.0000 2.5000 0 0
168 3.8750 2.5000 0 0
169 3.7500 2.5000 0 0
170 3.6250 2.5000 0 0
171 3.5000 2.5000 0 0
172 3.3750 2.5000 0 0
173 3.2500 2.5000 0 0
174 3.1250 2.5000 0 0
175 3.0000 2.5000 0 0
176 2.8750 2.5000 0 0
177 2.7500 2.5000 0 0
178 2.6250 2.5000 0 0
179 2.5000 2.5000 0 0
180 2.3750 2.5000 0 0
181 2.2500 2.5000 0 0
182 2.1250 2.5000 0 0
183 2.0000 2.5000 0 0
184 1.8750 2.5000 0 0
185 1.7500 2.5000 0 0
186 1.6250 2.5000 0 0
187 1.5000 2.5000 0 0
188 1.3750 2.5000 0 0
189 1.2500 2.5000 0 0
190 1.1250 2.5000 0 0
191 1.0000 2.5000 0 0
192 0.8750 2.5000 0 0
193 0.7500 2.5000 0 0
194 0.6250 2.5000 0 0
195 0.5000 2.5000 0 0
196 0.3750 2.5000 0 0
197 0.2500 2.5000 0 0
198 0.1250 2.5000 0 0
199 1.7500 0.4131 0 0
200 3.2577 2.0467 0 0
201 2.3064 2.0274 0 0
202 1.2505 2.0921 0 0
203 3.7934 0.4481 0 0
204 2.7342 0.4239 0 0
205 0.3368 1.2500 0 0
206 4.5693 1.2459 0 0
207 0.7521 0.4234 0 0
208 4.2041 2.0472 0 0
209 4.5768 0.7519 0 0
210 4.0929 0.9217 0 0
211 4.1340 1.5000 0 0
212 3.7010 1.2500 0 0
213 3.7191 1.7515 0 0
214 3.2693 1.5080 0 0
215 3.2679 1.0000 0 0
216 2.8423 1.2472 0 0
217 2.8046 1.7485 0 0
218 2.4019 1.5000 0 0
219 1.9185 1.6483 0 0
220 1.9995 1.1706 0 0
221 1.5213 1.3695 0 0
222 2.2474 0.4110 0 0
223 2.4472 0.9038 0 0
224 3.2645 0.5029 0 0
225 0.7522 2.0781 0 0
226 1.0713 1.6328 0 0
227 1.2504 0.4253 0 0
228 0.9957 0.8157 0 0
229 1.5319 0.8755 0 0
230 0.4455 0.7879 0 0
231 0.4638 1.7017 0 0
232 4.5876 1.7343 0 0
233 4.2545 0.4158 0 0
234 1.7475 2.0918 0 0
235 2.7500 2.1619 0 0
236 3.7362 2.1691 0 0
237 3.6507 0.8370 0 0
238 1.9952 0.7548 0 0
239 0.7799 1.2332 0 0
240 1.5018 1.7669 0 0
241 2.9112 0.8156 0 0
242 0.3660 0.3660 0 0
243 0.3660 2.1340 0 0
244 4.6340 2.1340 0 0
245 4.6340 0.3660 0 0
246 1.1800 1.1853 0 0
247 3.9432 0.6849 0 0
248 4.0240 0.4320 0 0
249 4.1737 0.6688 0 0
250 2.5555 1.8880 0 0
251 2.3541 1.7637 0 0
252 2.6033 1.6243 0 0
253 3.8718 0.8794 0 0
254 3.7220 0.6426 0 0
255 2.2007 1.3353 0 0
256 2.2234 1.0372 0 0
257 2.4246 1.2019 0 0
258 4.1690 1.7736 0 0
259 3.9616 1.8993 0 0
260 3.9265 1.6257 0 0
261 2.7773 1.9552 0 0
262 2.5282 2.0946 0 0
263 0.7676 1.6673 0 0
264 0.6219 1.4675 0 0
265 0.9256 1.4330 0 0
266 0.7206 0.8018 0 0
267 0.8878 1.0244 0 0
268 0.6127 1.0106 0 0
269 2.6221 1.3736 0 0
270 2.6448 1.0755 0 0
271 0.4003 1.4758 0 0
272 0.5584 1.2416 0 0
273 0.3912 1.0189 0 0
274 3.9701 2.1081 0 0
275 3.7276 1.9603 0 0
276 2.1124 1.8378 0 0
277 2.1602 1.5742 0 0
278 1.7604 1.2701 0 0
279 1.5266 1.1225 0 0
280 1.7657 1.0230 0 0
281 3.4884 1.8991 0 0
282 3.2635 1.7774 0 0
283 3.4942 1.6298 0 0
284 1.2963 1.5012 0 0
285 1.5115 1.5682 0 0
286 1.2865 1.6999 0 0
287 1.1256 1.4091 0 0
288 1.3506 1.2774 0 0
289 3.0311 1.8976 0 0
290 3.0369 1.6283 0 0
291 1.7635 0.8151 0 0
292 1.9974 0.9627 0 0
293 0.9117 1.8555 0 0
294 0.6080 1.8899 0 0
295 0.8739 0.6195 0 0
296 0.5988 0.6056 0 0
297 4.3349 0.8368 0 0
298 4.4157 0.5839 0 0
299 3.2662 0.7515 0 0
300 3.4576 0.6700 0 0
301 3.4593 0.9185 0 0
302 4.3608 1.6172 0 0
303 4.3959 1.8907 0 0
304 2.2212 0.8293 0 0
305 1.9590 1.4095 0 0
306 3.0896 0.9078 0 0
307 3.0879 0.6592 0 0
308 3.5289 0.4755 0 0
309 1.7199 1.5089 0 0
310 3.4969 2.1079 0 0
311 2.4908 0.4174 0 0
312 2.5907 0.6639 0 0
313 2.3473 0.6574 0 0
314 2.6171 0.2119 0 0
315 2.3737 0.2055 0 0
316 4.7847 1.3730 0 0
317 4.7847 1.1230 0 0
318 2.8234 1.4979 0 0
319 2.8671 0.2119 0 0
320 3.1322 0.2515 0 0
321 2.9993 0.4634 0 0
322 3.0558 1.3776 0 0
323 3.9175 1.3750 0 0
324 3.7100 1.5007 0 0
325 1.1253 2.2961 0 0
326 1.3753 2.2961 0 0
327 2.1532 2.2637 0 0
328 2.4032 2.2637 0 0
329 3.6467 0.2241 0 0
330 3.3822 0.2515 0 0
331 0.8761 2.2891 0 0
332 1.0013 2.0851 0 0
333 3.4851 1.3790 0 0
334 1.1609 1.8625 0 0
335 4.1135 1.2108 0 0
336 3.8970 1.0858 0 0
337 3.2686 1.2540 0 0
338 3.0551 1.1236 0 0
339 0.1684 1.1250 0 0
340 0.1684 1.3750 0 0
341 3.8967 0.2241 0 0
342 0.6261 2.2891 0 0
343 2.1237 0.2055 0 0
344 3.4845 1.1250 0 0
345 3.1288 2.2734 0 0
346 3.3788 2.2734 0 0
347 0.8761 0.2117 0 0
348 0.6261 0.2117 0 0
349 4.3311 1.0838 0 0
350 4.3517 1.3730 0 0
351 4.1020 2.2736 0 0
352 4.3520 2.2736 0 0
353 1.8750 0.2065 0 0
354 1.6250 0.2065 0 0
355 1.3752 0.2127 0 0
356 1.1252 0.2127 0 0
357 1.0012 0.4244 0 0
358 1.5002 0.4192 0 0
359 1.1230 0.6205 0 0
360 1.9987 0.4120 0 0
361 4.5731 0.9989 0 0
362 4.7884 0.8759 0 0
363 4.7884 0.6259 0 0
364 2.0269 2.0596 0 0
365 1.8330 1.8701 0 0
366 1.3911 0.6504 0 0
367 1.2638 0.8456 0 0
368 0.2227 0.6439 0 0
369 0.2227 0.8939 0 0
370 4.7938 1.8672 0 0
371 4.7938 1.6172 0 0
372 0.2319 1.6008 0 0
373 0.2319 1.8508 0 0
374 4.3773 0.2079 0 0
375 4.1273 0.2079 0 0
376 4.5785 1.4901 0 0
377 1.6409 0.6443 0 0
378 1.4990 2.0920 0 0
379 1.6237 2.2959 0 0
380 1.8737 2.2959 0 0
381 3.0038 2.1043 0 0
382 1.3762 1.9295 0 0
383 2.6250 2.3309 0 0
384 2.8750 2.3309 0 0
385 3.6181 2.3345 0 0
386 3.8681 2.3345 0 0
387 3.6758 1.0435 0 0
388 2.1213 0.5829 0 0
389 2.8227 0.6197 0 0
390 0.4330 0.1830 0 0
391 0.1830 0.1830 0 0
392 0.1830 2.3170 0 0
393 0.4330 2.3170 0 0
394 0.1830 2.0670 0 0
395 4.8170 2.3170 0 0
396 4.8170 2.0670 0 0
397 4.5670 2.3170 0 0
398 0.1830 0.4330 0 0
399 4.8170 0.4330 0 0
400 4.8170 0.1830 0 0
401 4.5670 0.1830 0 0
402 1.8726 0.5839 0 0
403 2.6792 0.8597 0 0
404 2.8768 1.0314 0 0
405 1.6246 1.9294 0 0
406 1.7102 1.7076 0 0
407 1.3559 1.0304 0 0
408 1.0879 1.0005 0 0
409 0.9800 1.2093 0 0
410 0.4058 0.5770 0 0
411 4.4443 0.3909 0 0
412 4.6108 1.9341 0 0
413 0.4149 1.9178 0 0
414 0.5591 2.1061 0 0
415 0.5591 0.3947 0 0
416 4.4190 2.0906 0 0
417 4.6054 0.5589 0 0
418 4.0180 0.8033 0 0
419 4.0584 0.6768 0 0
420 4.1333 0.7952 0 0
421 3.9836 0.5585 0 0
422 4.0988 0.5504 0 0
423 3.8683 0.5665 0 0
424 3.9087 0.4401 0 0
425 4.1393 0.4239 0 0
426 4.2141 0.5423 0 0
427 2.6800 1.8182 0 0
428 2.5794 1.7561 0 0
429 2.7039 1.6864 0 0
430 2.4548 1.8258 0 0
431 2.4787 1.6940 0 0
432 2.4309 1.9577 0 0
433 2.3303 1.8955 0 0
434 2.3780 1.6318 0 0
435 2.5026 1.5621 0 0
436 3.8326 0.6638 0 0
437 3.7577 0.5454 0 0
438 3.9075 0.7821 0 0
439 3.7969 0.7610 0 0
440 3.9824 0.9005 0 0
441 3.7613 0.8582 0 0
442 3.6864 0.7398 0 0
443 2.3013 1.4177 0 0
444 2.3127 1.2686 0 0
445 2.4132 1.3510 0 0
446 2.2121 1.1863 0 0
447 2.3240 1.1196 0 0
448 2.1001 1.2530 0 0
449 2.1115 1.1039 0 0
450 2.3353 0.9705 0 0
451 2.4359 1.0529 0 0
452 4.1515 1.6368 0 0
453 4.0478 1.6997 0 0
454 4.0303 1.5629 0 0
455 4.0653 1.8364 0 0
456 3.9441 1.7625 0 0
457 4.1866 1.9104 0 0
458 4.0828 1.9732 0 0
459 3.8404 1.8254 0 0
460 3.8228 1.6886 0 0
461 2.5418 1.9913 0 0
462 2.4173 2.0610 0 0
463 2.6664 1.9216 0 0
464 2.6527 2.0249 0 0
465 2.7909 1.8519 0 0
466 2.7636 2.0585 0 0
467 2.6391 2.1282 0 0
468 0.9194 1.6500 0 0
469 0.8466 1.5501 0 0
470 0.9984 1.5329 0 0
471 0.6947 1.5674 0 0
472 0.7737 1.4502 0 0
473 0.6157 1.6845 0 0
474 0.5429 1.5846 0 0
475 0.7009 1.3503 0 0
476 0.8527 1.3331 0 0
477 0.5830 0.7948 0 0
478 0.6666 0.9062 0 0
479 0.5291 0.8992 0 0
480 0.8042 0.9131 0 0
481 0.7502 1.0175 0 0
482 0.8581 0.8087 0 0
483 0.9417 0.9201 0 0
484 0.8338 1.1288 0 0
485 0.6963 1.1219 0 0
486 2.7322 1.3104 0 0
487 2.6334 1.2246 0 0
488 2.7435 1.1614 0 0
489 2.5233 1.2878 0 0
490 2.5347 1.1387 0 0
491 2.5120 1.4368 0 0
492 2.5460 0.9897 0 0
493 0.4321 1.5887 0 0
494 0.5111 1.4716 0 0
495 0.4794 1.3587 0 0
496 0.5901 1.3545 0 0
497 0.3686 1.3629 0 0
498 0.4476 1.2458 0 0
499 0.6691 1.2374 0 0
500 0.3640 1.1345 0 0
501 0.4748 1.1303 0 0
502 0.5019 1.0148 0 0
503 0.5855 1.1261 0 0
504 0.4183 0.9034 0 0
505 3.8446 1.9298 0 0
506 3.7234 1.8559 0 0
507 3.9659 2.0037 0 0
508 3.8489 2.0342 0 0
509 4.0871 2.0776 0 0
510 3.8532 2.1386 0 0
511 3.7319 2.0647 0 0
512 2.2572 1.6689 0 0
513 2.2811 1.5371 0 0
514 2.2333 1.8008 0 0
515 2.1363 1.7060 0 0
516 2.2094 1.9326 0 0
517 2.0155 1.7431 0 0
518 2.0394 1.6112 0 0
519 1.8800 1.2203 0 0
520 1.7631 1.1465 0 0
521 1.8826 1.0968 0 0
522 1.6435 1.1963 0 0
523 1.6461 1.0728 0 0
524 1.6408 1.3198 0 0
525 1.5239 1.2460 0 0
526 1.5292 0.9990 0 0
527 1.6488 0.9492 0 0
528 3.6038 1.8253 0 0
529 3.4913 1.7644 0 0
530 3.6066 1.6906 0 0
531 3.3759 1.8382 0 0
532 3.3788 1.7036 0 0
533 3.3730 1.9729 0 0
534 3.2606 1.9120 0 0
535 3.2664 1.6427 0 0
536 3.3817 1.5689 0 0
537 1.1838 1.5670 0 0
538 1.2914 1.6005 0 0
539 1.1789 1.6664 0 0
540 1.4039 1.5347 0 0
541 1.3990 1.6340 0 0
542 1.4088 1.4353 0 0
543 1.5164 1.4689 0 0
544 1.5067 1.6676 0 0
545 1.3942 1.7334 0 0
546 1.3235 1.3893 0 0
547 1.4360 1.3235 0 0
548 1.2110 1.4551 0 0
549 1.2381 1.3433 0 0
550 1.0985 1.5210 0 0
551 1.1528 1.2972 0 0
552 1.2653 1.2314 0 0
553 3.1502 1.7028 0 0
554 3.1531 1.5682 0 0
555 3.1473 1.8375 0 0
556 3.0340 1.7629 0 0
557 3.1444 1.9722 0 0
558 2.9179 1.8231 0 0
559 2.9208 1.6884 0 0
560 1.8815 0.9929 0 0
561 1.9985 1.0666 0 0
562 1.7646 0.9191 0 0
563 1.8805 0.8889 0 0
564 1.6477 0.8453 0 0
565 1.8794 0.7850 0 0
566 1.9963 0.8587 0 0
567 0.9915 1.7442 0 0
568 0.8396 1.7614 0 0
569 0.7599 1.8727 0 0
570 0.6878 1.7786 0 0
571 0.8319 1.9668 0 0
572 0.6801 1.9840 0 0
573 0.5359 1.7958 0 0
574 0.8130 0.5215 0 0
575 0.7364 0.6126 0 0
576 0.6755 0.5145 0 0
577 0.7972 0.7106 0 0
578 0.6597 0.7037 0 0
579 0.9348 0.7176 0 0
580 0.5221 0.6968 0 0
581 4.4558 0.7943 0 0
582 4.3753 0.7103 0 0
583 4.4962 0.6679 0 0
584 4.2543 0.7528 0 0
585 4.2947 0.6263 0 0
586 4.2139 0.8792 0 0
587 4.3351 0.4998 0 0
588 3.2671 0.8757 0 0
589 3.3628 0.8350 0 0
590 3.3636 0.9593 0 0
591 3.3619 0.7107 0 0
592 3.4585 0.7942 0 0
593 3.2654 0.6272 0 0
594 3.3610 0.5864 0 0
595 3.5542 0.7535 0 0
596 3.5550 0.8778 0 0
597 4.2824 1.8322 0 0
598 4.3000 1.9689 0 0
599 4.2649 1.6954 0 0
600 4.3783 1.7539 0 0
601 4.2474 1.5586 0 0
602 4.4742 1.6757 0 0
603 4.4917 1.8125 0 0
604 2.2223 0.9333 0 0
605 2.3342 0.8666 0 0
606 2.1104 1.0000 0 0
607 2.1093 0.8960 0 0
608 2.1082 0.7921 0 0
609 2.1805 1.4547 0 0
610 2.0596 1.4918 0 0
611 2.0799 1.3724 0 0
612 1.9388 1.5289 0 0
613 1.9793 1.2900 0 0
614 3.1770 0.7053 0 0
615 3.1762 0.5811 0 0
616 3.1779 0.8296 0 0
617 3.0887 0.7835 0 0
618 3.1788 0.9539 0 0
619 3.0004 0.8617 0 0
620 2.9995 0.7374 0 0
621 3.3967 0.4892 0 0
622 3.4933 0.5727 0 0
623 3.6255 0.5591 0 0
624 3.5898 0.6563 0 0
625 3.6611 0.4618 0 0
626 1.8597 1.3398 0 0
627 1.8395 1.4592 0 0
628 1.7402 1.3895 0 0
629 1.8192 1.5786 0 0
630 1.6206 1.4392 0 0
631 3.4927 2.0035 0 0
632 3.3773 2.0773 0 0
633 3.6080 1.9297 0 0
634 3.6123 2.0341 0 0
635 3.6166 2.1385 0 0
636 2.3691 0.4142 0 0
637 2.4190 0.5374 0 0
638 2.2973 0.5342 0 0
639 2.5407 0.5407 0 0
640 2.4690 0.6606 0 0
641 2.6125 0.4207 0 0
642 2.6625 0.5439 0 0
643 2.5190 0.7839 0 0
644 2.3973 0.7806 0 0
645 2.5586 0.1060 0 0
646 2.4954 0.2087 0 0
647 2.4368 0.1027 0 0
648 2.5539 0.3147 0 0
649 2.4322 0.3115 0 0
650 2.6757 0.3179 0 0
651 2.3105 0.3082 0 0
652 4.8923 1.1865 0 0
653 4.8923 1.0615 0 0
654 4.8923 1.3115 0 0
655 4.7847 1.2480 0 0
656 4.8923 1.4365 0 0
657 4.6770 1.3094 0 0
658 4.6770 1.1844 0 0
659 2.8329 1.3725 0 0
660 2.7228 1.4357 0 0
661 2.7134 1.5611 0 0
662 2.6127 1.4989 0 0
663 2.8140 1.6232 0 0
664 2.8007 0.3179 0 0
665 2.9332 0.3377 0 0
666 2.8668 0.4436 0 0
667 2.9997 0.2317 0 0
668 3.0658 0.3574 0 0
669 2.9336 0.1060 0 0
670 3.0661 0.1257 0 0
671 3.1984 0.3772 0 0
672 3.1319 0.4832 0 0
673 2.9490 1.3124 0 0
674 2.9396 1.4377 0 0
675 3.0464 1.5029 0 0
676 2.9302 1.5631 0 0
677 3.1625 1.4428 0 0
678 3.8092 1.3125 0 0
679 3.8138 1.4379 0 0
680 3.7055 1.3754 0 0
681 3.9220 1.5004 0 0
682 3.8183 1.5632 0 0
683 4.0257 1.4375 0 0
684 3.7146 1.6261 0 0
685 1.3126 2.3980 0 0
686 1.4376 2.3980 0 0
687 1.1876 2.3980 0 0
688 1.2503 2.2961 0 0
689 1.0626 2.3980 0 0
690 1.1879 2.1941 0 0
691 1.3129 2.1941 0 0
692 2.3266 2.3818 0 0
693 2.4516 2.3818 0 0
694 2.2016 2.3818 0 0
695 2.2782 2.2637 0 0
696 2.0766 2.3818 0 0
697 2.2298 2.1455 0 0
698 2.3548 2.1455 0 0
699 2.6836 0.1060 0 0
700 2.8086 0.1060 0 0
701 2.7421 0.2119 0 0
702 3.5733 0.1120 0 0
703 3.5145 0.2378 0 0
704 3.4411 0.1257 0 0
705 3.5878 0.3498 0 0
706 3.4556 0.3635 0 0
707 3.7200 0.3361 0 0
708 3.3234 0.3772 0 0
709 1.0633 2.1906 0 0
710 1.1259 2.0886 0 0
711 1.0007 2.2926 0 0
712 0.9387 2.1871 0 0
713 0.9380 2.3945 0 0
714 0.8141 2.1836 0 0
715 0.8767 2.0816 0 0
716 3.5976 1.4399 0 0
717 3.5930 1.3145 0 0
718 3.6021 1.5653 0 0
719 3.4897 1.5044 0 0
720 3.3772 1.4435 0 0
721 1.0811 1.9738 0 0
722 1.2057 1.9773 0 0
723 0.9565 1.9703 0 0
724 1.0363 1.8590 0 0
725 1.1161 1.7477 0 0
726 4.1032 1.0663 0 0
727 4.0052 1.1483 0 0
728 3.9949 1.0038 0 0
729 4.0155 1.2929 0 0
730 3.9072 1.2304 0 0
731 4.1237 1.3554 0 0
732 3.7990 1.1679 0 0
733 3.2683 1.1270 0 0
734 3.1619 1.1888 0 0
735 3.1615 1.0618 0 0
736 3.1622 1.3158 0 0
737 3.0555 1.2506 0 0
738 3.2689 1.3810 0 0
739 2.9487 1.1854 0 0
740 0.0842 1.3125 0 0
741 0.0842 1.4375 0 0
742 0.0842 1.1875 0 0
743 0.1684 1.2500 0 0
744 0.0842 1.0625 0 0
745 0.2526 1.1875 0 0
746 0.2526 1.3125 0 0
747 3.6983 0.1120 0 0
748 3.8233 0.1120 0 0
749 3.7717 0.2241 0 0
750 3.9483 0.1120 0 0
751 3.8450 0.3361 0 0
752 3.1911 0.1257 0 0
753 3.3161 0.1257 0 0
754 3.2572 0.2515 0 0
755 0.8130 2.3945 0 0
756 0.6880 2.3945 0 0
757 0.7511 2.2891 0 0
758 0.5630 2.3945 0 0
759 0.6891 2.1836 0 0
760 2.1868 0.1027 0 0
761 2.0618 0.1027 0 0
762 2.3118 0.1027 0 0
763 2.2487 0.2055 0 0
764 2.1855 0.3082 0 0
765 3.4848 1.2520 0 0
766 3.5927 1.1875 0 0
767 3.3769 1.3165 0 0
768 3.3765 1.1895 0 0
769 3.3762 1.0625 0 0
770 3.3144 2.3867 0 0
771 3.4394 2.3867 0 0
772 3.1894 2.3867 0 0
773 3.2538 2.2734 0 0
774 3.0644 2.3867 0 0
775 3.1933 2.1600 0 0
776 3.3183 2.1600 0 0
777 0.6880 0.1058 0 0
778 0.5630 0.1058 0 0
779 0.8130 0.1058 0 0
780 0.7511 0.2117 0 0
781 0.9380 0.1058 0 0
782 0.8141 0.3175 0 0
783 0.6891 0.3175 0 0
784 4.2120 1.0027 0 0
785 4.2223 1.1473 0 0
786 4.3414 1.2284 0 0
787 4.2326 1.2919 0 0
788 4.4502 1.1649 0 0
789 4.4605 1.3094 0 0
790 4.2428 1.4365 0 0
791 4.3010 2.3868 0 0
792 4.4260 2.3868 0 0
793 4.1760 2.3868 0 0
794 4.2270 2.2736 0 0
795 4.0510 2.3868 0 0
796 4.1531 2.1604 0 0
797 4.2781 2.1604 0 0
798 1.6875 0.1033 0 0
799 1.5625 0.1033 0 0
800 1.8125 0.1033 0 0
801 1.7500 0.2065 0 0
802 1.9375 0.1033 0 0
803 1.8125 0.3098 0 0
804 1.6875 0.3098 0 0
805 1.1876 0.1063 0 0
806 1.0626 0.1063 0 0
807 1.3126 0.1063 0 0
808 1.2502 0.2127 0 0
809 1.4376 0.1063 0 0
810 1.3128 0.3190 0 0
811 1.1878 0.3190 0 0
812 0.9386 0.3180 0 0
813 0.8767 0.4239 0 0
814 1.0006 0.2122 0 0
815 1.0632 0.3185 0 0
816 1.1258 0.4249 0 0
817 1.5001 0.2096 0 0
818 1.5626 0.3129 0 0
819 1.4377 0.3159 0 0
820 1.6251 0.4161 0 0
821 1.3753 0.4223 0 0
822 0.9376 0.5219 0 0
823 1.0621 0.5224 0 0
824 0.9985 0.6200 0 0
825 1.1867 0.5229 0 0
826 1.0594 0.7181 0 0
827 1.9368 0.3093 0 0
828 1.8743 0.4126 0 0
829 1.9993 0.2060 0 0
830 2.0612 0.3088 0 0
831 2.1230 0.4115 0 0
832 4.5749 0.8754 0 0
833 4.4540 0.9178 0 0
834 4.4521 1.0413 0 0
835 4.3330 0.9603 0 0
836 4.5712 1.1224 0 0
837 4.7865 0.9994 0 0
838 4.8942 0.9380 0 0
839 4.6789 1.0609 0 0
840 4.6807 0.9374 0 0
841 4.6826 0.8139 0 0
842 4.8942 0.6880 0 0
843 4.8942 0.5630 0 0
844 4.8942 0.8130 0 0
845 4.7884 0.7509 0 0
846 4.6826 0.6889 0 0
847 1.9727 1.8540 0 0
848 1.8758 1.7592 0 0
849 2.0697 1.9487 0 0
850 1.9300 1.9648 0 0
851 2.1666 2.0435 0 0
852 1.8872 2.0757 0 0
853 1.7902 1.9810 0 0
854 1.1934 0.7330 0 0
855 1.1297 0.8306 0 0
856 1.2571 0.6355 0 0
857 1.3275 0.7480 0 0
858 1.3207 0.5379 0 0
859 1.4615 0.7629 0 0
860 1.3978 0.8605 0 0
861 0.1114 0.8220 0 0
862 0.1114 0.9470 0 0
863 0.1114 0.6970 0 0
864 0.2227 0.7689 0 0
865 0.1114 0.5720 0 0
866 0.3341 0.7159 0 0
867 0.3341 0.8409 0 0
868 4.8969 1.6836 0 0
869 4.8969 1.5586 0 0
870 4.8969 1.8086 0 0
871 4.7938 1.7422 0 0
872 4.8969 1.9336 0 0
873 4.6907 1.8007 0 0
874 4.6907 1.6757 0 0
875 0.1160 1.8004 0 0
876 0.1160 1.9254 0 0
877 0.1160 1.6754 0 0
878 0.2319 1.7258 0 0
879 0.1160 1.5504 0 0
880 0.3479 1.6512 0 0
881 0.3479 1.7762 0 0
882 4.1886 0.1040 0 0
883 4.0636 0.1040 0 0
884 4.3136 0.1040 0 0
885 4.2523 0.2079 0 0
886 4.4386 0.1040 0 0
887 4.3159 0.3119 0 0
888 4.1909 0.3119 0 0
889 4.3562 1.4951 0 0
890 4.4651 1.4315 0 0
891 4.4696 1.5536 0 0
892 4.5739 1.3680 0 0
893 4.5831 1.6122 0 0
894 1.4456 0.5348 0 0
895 1.5706 0.5317 0 0
896 1.5160 0.6473 0 0
897 1.6955 0.5287 0 0
898 1.5864 0.7599 0 0
899 1.4995 2.2960 0 0
900 1.5619 2.3980 0 0
901 1.4371 2.1940 0 0
902 1.5614 2.1940 0 0
903 1.3748 2.0921 0 0
904 1.6232 2.0919 0 0
905 1.6856 2.1939 0 0
906 2.0900 2.1617 0 0
907 2.0135 2.2798 0 0
908 1.9503 2.1778 0 0
909 1.9369 2.3980 0 0
910 1.8106 2.1939 0 0
911 2.9042 1.9264 0 0
912 3.0175 2.0009 0 0
913 2.8906 2.0297 0 0
914 3.1308 2.0755 0 0
915 2.8769 2.1331 0 0
916 0.2798 1.0720 0 0
917 0.1956 1.0095 0 0
918 0.3069 0.9564 0 0
919 0.2002 1.4879 0 0
920 0.2844 1.4254 0 0
921 0.3161 1.5383 0 0
922 3.9603 0.3280 0 0
923 4.0120 0.2160 0 0
924 4.0756 0.3200 0 0
925 4.6816 1.4315 0 0
926 4.7892 1.4951 0 0
927 4.6862 1.5536 0 0
928 1.2685 1.8960 0 0
929 1.3134 2.0108 0 0
930 1.2237 1.7812 0 0
931 1.3314 1.8147 0 0
932 1.4390 1.8482 0 0
933 2.5141 2.2973 0 0
934 2.5625 2.4155 0 0
935 2.4657 2.1792 0 0
936 2.5766 2.2128 0 0
937 2.6875 2.2464 0 0
938 3.0663 2.1888 0 0
939 3.0019 2.3021 0 0
940 2.9394 2.2176 0 0
941 2.9375 2.4155 0 0
942 2.8125 2.2464 0 0
943 3.4985 2.3039 0 0
944 3.5590 2.4173 0 0
945 3.4379 2.1906 0 0
946 3.5575 2.2212 0 0
947 3.6771 2.2518 0 0
948 4.0361 2.1908 0 0
949 3.9851 2.3041 0 0
950 3.9191 2.2213 0 0
951 3.9340 2.4173 0 0
952 3.8021 2.2518 0 0
953 3.8844 0.9826 0 0
954 3.7864 1.0647 0 0
955 3.7738 0.9614 0 0
956 3.6884 1.1468 0 0
957 3.6633 0.9403 0 0
958 2.2343 0.6201 0 0
959 2.1843 0.4969 0 0
960 2.2843 0.7434 0 0
961 2.1712 0.7061 0 0
962 2.0582 0.6688 0 0
963 2.9110 0.5416 0 0
964 2.7785 0.5218 0 0
965 3.0436 0.5613 0 0
966 2.9553 0.6395 0 0
967 2.8670 0.7176 0 0
968 0.2165 0.0915 0 0
969 0.0915 0.0915 0 0
970 0.3415 0.0915 0 0
971 0.3080 0.1830 0 0
972 0.4665 0.0915 0 0
973 0.3995 0.2745 0 0
974 0.2745 0.2745 0 0
975 0.3415 2.4085 0 0
976 0.4665 2.4085 0 0
977 0.2165 2.4085 0 0
978 0.3080 2.3170 0 0
979 0.0915 2.4085 0 0
980 0.2745 2.2255 0 0
981 0.3995 2.2255 0 0
982 0.0915 2.2835 0 0
983 0.0915 2.1585 0 0
984 0.1830 2.1920 0 0
985 0.0915 2.0335 0 0
986 0.2745 2.1005 0 0
987 4.9085 2.1585 0 0
988 4.9085 2.0335 0 0
989 4.9085 2.2835 0 0
990 4.8170 2.1920 0 0
991 4.9085 2.4085 0 0
992 4.7255 2.2255 0 0
993 4.7255 2.1005 0 0
994 4.7835 2.4085 0 0
995 4.6585 2.4085 0 0
996 4.6920 2.3170 0 0
997 4.5335 2.4085 0 0
998 4.6005 2.2255 0 0
999 0.0915 0.3415 0 0
1000 0.0915 0.4665 0 0
1001 0.0915 0.2165 0 0
1002 0.1830 0.3080 0 0
1003 0.2745 0.3995 0 0
1004 4.9085 0.2165 0 0
1005 4.9085 0.0915 0 0
1006 4.9085 0.3415 0 0
1007 4.8170 0.3080 0 0
1008 4.9085 0.4665 0 0
1009 4.7255 0.3995 0 0
1010 4.7255 0.2745 0 0
1011 4.6585 0.0915 0 0
1012 4.5335 0.0915 0 0
1013 4.7835 0.0915 0 0
1014 4.6920 0.1830 0 0
1015 4.6005 0.2745 0 0
1016 1.8119 2.3980 0 0
1017 1.6869 2.3980 0 0
1018 1.7487 2.2959 0 0
1019 1.7022 0.7297 0 0
1020 1.7568 0.6141 0 0
1021 1.8181 0.6995 0 0
1022 1.8113 0.4985 0 0
1023 1.9339 0.6694 0 0
1024 2.7608 1.0534 0 0
1025 2.8595 1.1393 0 0
1026 2.6620 0.9676 0 0
1027 2.7780 0.9455 0 0
1028 2.5632 0.8818 0 0
1029 2.7952 0.8376 0 0
1030 2.8940 0.9235 0 0
1031 1.5618 2.0107 0 0
1032 1.6860 2.0106 0 0
1033 1.4376 2.0108 0 0
1034 1.5004 1.9295 0 0
1035 1.5632 1.8482 0 0
1036 3.0724 1.0157 0 0
1037 2.9659 1.0775 0 0
1038 2.9832 0.9696 0 0
1039 2.8125 2.4155 0 0
1040 2.6875 2.4155 0 0
1041 2.7500 2.3309 0 0
1042 3.8090 2.4173 0 0
1043 3.6840 2.4173 0 0
1044 3.7431 2.3345 0 0
1045 3.5801 1.0843 0 0
1046 3.4719 1.0218 0 0
1047 3.5676 0.9810 0 0
1048 1.9356 0.4980 0 0
1049 2.0600 0.4975 0 0
1050 1.9969 0.5834 0 0
1051 1.6157 1.5386 0 0
1052 1.7150 1.6083 0 0
1053 1.6109 1.6379 0 0
1054 1.8144 1.6780 0 0
1055 1.6060 1.7373 0 0
1056 2.6350 0.7618 0 0
1057 2.7067 0.6418 0 0
1058 2.7510 0.7397 0 0
1059 1.1758 0.9230 0 0
1060 1.0418 0.9081 0 0
1061 1.3099 0.9380 0 0
1062 1.2219 1.0155 0 0
1063 1.4439 0.9529 0 0
1064 1.2680 1.1079 0 0
1065 1.1339 1.0929 0 0
1066 1.0256 1.4211 0 0
1067 0.9528 1.3212 0 0
1068 1.0528 1.3092 0 0
1069 0.8799 1.2213 0 0
1070 1.0800 1.1973 0 0
1071 0.3142 0.6105 0 0
1072 0.4256 0.6824 0 0
1073 0.2029 0.5385 0 0
1074 0.2944 0.5050 0 0
1075 0.3859 0.4715 0 0
1076 4.4108 0.2994 0 0
1077 4.3494 0.4034 0 0
1078 4.4721 0.1955 0 0
1079 4.5056 0.2870 0 0
1080 4.5391 0.3785 0 0
1081 4.7023 1.9006 0 0
1082 4.5992 1.8342 0 0
1083 4.8054 1.9671 0 0
1084 4.7139 2.0006 0 0
1085 4.6224 2.0341 0 0
1086 0.2075 1.9589 0 0
1087 0.3234 1.8843 0 0
1088 0.2990 1.9924 0 0
1089 0.4394 1.8097 0 0
1090 0.3905 2.0259 0 0
1091 1.7716 1.7888 0 0
1092 1.7288 1.8997 0 0
1093 1.6674 1.8185 0 0
1094 0.5926 2.1976 0 0
1095 0.6556 2.0921 0 0
1096 0.5295 2.3030 0 0
1097 0.4961 2.2115 0 0
1098 0.4626 2.1200 0 0
1099 0.5295 0.1974 0 0
1100 0.5926 0.3032 0 0
1101 0.4960 0.2889 0 0
1102 0.6556 0.4090 0 0
1103 0.4625 0.3804 0 0
1104 4.4595 2.2953 0 0
1105 4.3855 2.1821 0 0
1106 4.4930 2.2038 0 0
1107 4.3116 2.0689 0 0
1108 4.5265 2.1123 0 0
1109 4.8027 0.5295 0 0
1110 4.6969 0.5924 0 0
1111 4.7112 0.4960 0 0
1112 4.5911 0.6554 0 0
1113 4.6197 0.4625 0 0
1114 1.4413 1.0764 0 0
1115 1.4386 1.2000 0 0
1116 1.3533 1.1539 0 0
1117 0.5789 0.5002 0 0
1118 0.5023 0.5913 0 0
1119 0.4824 0.4858 0 0
1120 4.4074 1.9906 0 0
1121 4.5033 1.9124 0 0
1122 4.5149 2.0124 0 0
1123 4.5105 0.5714 0 0
1124 4.4300 0.4874 0 0
1125 4.5248 0.4749 0 0
1126 0.5115 1.9039 0 0
1127 0.5835 1.9980 0 0
1128 0.4870 2.0119 0 0
1129 0.9339 1.1169 0 0
1130 0.9878 1.0125 0 0
1131 1.0339 1.1049 0 0
1132 3.7934 4.5519 0 0
1133 2.7137 4.5501 0 0
1134 1.7500 4.5738 0 0
1135 1.2500 2.9330 0 0
1136 3.2546 2.9443 0 0
1137 2.3122 2.9758 0 0
1138 0.4069 3.7742 0 0
1139 4.5693 3.7541 0 0
1140 0.7847 4.5202 0 0
1141 4.2041 2.9528 0 0
1142 0.7521 2.9234 0 0
1143 0.9911 3.3235 0 0
1144 1.4921 3.3553 0 0
1145 1.2096 3.7888 0 0
1146 1.7140 3.7696 0 0
1147 4.5768 4.2481 0 0
1148 4.0929 4.0783 0 0
1149 4.1340 3.5000 0 0
1150 3.7010 3.7500 0 0
1151 3.7136 3.2479 0 0
1152 3.2664 3.4871 0 0
1153 3.2642 3.9808 0 0
1154 2.8394 3.7270 0 0
1155 2.8099 3.2393 0 0
1156 2.4073 3.5056 0 0
1157 2.4300 4.0332 0 0
1158 2.2373 4.5613 0 0
1159 3.2578 4.4877 0 0
1160 1.2775 4.5821 0 0
1161 1.7500 2.9330 0 0
1162 0.3976 4.2380 0 0
1163 4.5876 3.2657 0 0
1164 4.2545 4.5842 0 0
1165 0.4703 3.2903 0 0
1166 0.7841 4.0303 0 0
1167 1.9661 3.3814 0 0
1168 1.5135 4.1878 0 0
1169 1.9610 4.1458 0 0
1170 2.9010 4.1557 0 0
1171 3.7344 2.8290 0 0
1172 3.6432 4.1647 0 0
1173 2.7500 2.8263 0 0
1174 0.3660 2.8660 0 0
1175 4.6340 2.8660 0 0
1176 4.6340 4.6340 0 0
1177 0.3660 4.6340 0 0
1178 2.0957 3.7671 0 0
1179 1.1242 4.2179 0 0
1180 0.7756 3.6453 0 0
1181 3.9432 4.3151 0 0
1182 4.1737 4.3312 0 0
1183 4.0240 4.5680 0 0
1184 2.5718 4.2916 0 0
1185 2.4755 4.5557 0 0
1186 2.3337 4.2972 0 0
1187 3.7183 4.3583 0 0
1188 3.8681 4.1215 0 0
1189 2.5610 3.1076 0 0
1190 2.6086 3.3725 0 0
1191 2.3597 3.2407 0 0
1192 4.1690 3.2264 0 0
1193 3.9238 3.3739 0 0
1194 3.9588 3.1004 0 0
1195 2.6655 4.0945 0 0
1196 2.8073 4.3529 0 0
1197 2.5311 2.9011 0 0
1198 2.7799 3.0328 0 0
1199 3.7240 3.0384 0 0
1200 3.9693 2.8909 0 0
1201 3.4841 3.0961 0 0
1202 3.4900 3.3675 0 0
1203 3.2605 3.2157 0 0
1204 3.0381 3.3632 0 0
1205 3.0322 3.0918 0 0
1206 0.8716 3.1235 0 0
1207 0.7307 3.3069 0 0
1208 0.6112 3.1069 0 0
1209 4.3349 4.1632 0 0
1210 4.4157 4.4161 0 0
1211 3.2610 4.2342 0 0
1212 3.4537 4.0728 0 0
1213 3.4505 4.3262 0 0
1214 4.3959 3.1093 0 0
1215 4.3608 3.3828 0 0
1216 2.1867 3.4435 0 0
1217 2.1391 3.1786 0 0
1218 3.0794 4.3217 0 0
1219 3.0826 4.0683 0 0
1220 0.5912 4.3791 0 0
1221 0.5908 4.1342 0 0
1222 0.7844 4.2753 0 0
1223 0.8834 3.4844 0 0
1224 0.6229 3.4678 0 0
1225 2.0991 4.3536 0 0
1226 2.1955 4.0895 0 0
1227 3.0529 3.6070 0 0
1228 2.8246 3.4832 0 0
1229 2.6233 3.6163 0 0
1230 3.5256 4.5198 0 0
1231 0.9541 4.1241 0 0
1232 0.9545 4.3691 0 0
1233 2.6347 3.8801 0 0
1234 2.4186 3.7694 0 0
1235 3.4945 2.8866 0 0
1236 1.3750 2.7165 0 0
1237 1.1250 2.7165 0 0
1238 1.6250 2.7165 0 0
1239 1.5000 2.9330 0 0
1240 1.0011 2.9282 0 0
1241 0.8761 2.7117 0 0
1242 1.3711 3.1441 0 0
1243 1.6211 3.1441 0 0
1244 4.3311 3.9162 0 0
1245 4.1135 3.7892 0 0
1246 4.3517 3.6270 0 0
1247 1.1387 4.7911 0 0
1248 1.3887 4.7911 0 0
1249 2.6068 4.7750 0 0
1250 2.3687 4.7807 0 0
1251 3.3773 2.7221 0 0
1252 3.1273 2.7221 0 0
1253 1.1205 3.1283 0 0
1254 0.2034 3.6371 0 0
1255 0.2034 3.8871 0 0
1256 4.5731 4.0011 0 0
1257 3.7073 3.4989 0 0
1258 3.4837 3.6185 0 0
1259 1.6250 4.7869 0 0
1260 1.8750 4.7869 0 0
1261 0.8924 4.7601 0 0
1262 1.0311 4.5512 0 0
1263 4.7847 3.8770 0 0
1264 4.7884 4.1241 0 0
1265 3.6467 4.7759 0 0
1266 3.3789 4.7438 0 0
1267 3.8967 4.7759 0 0
1268 2.8568 4.7750 0 0
1269 2.1187 4.7807 0 0
1270 4.3520 2.7264 0 0
1271 4.1020 2.7264 0 0
1272 2.4061 2.7379 0 0
1273 2.1561 2.7379 0 0
1274 1.8750 2.7165 0 0
1275 3.8970 3.9142 0 0
1276 3.9175 3.6250 0 0
1277 3.4826 3.8654 0 0
1278 3.2653 3.7339 0 0
1279 1.5137 4.5780 0 0
1280 2.0311 2.9544 0 0
1281 0.6261 2.7117 0 0
1282 4.7847 3.6270 0 0
1283 1.2416 3.3394 0 0
1284 1.3508 3.5720 0 0
1285 1.1003 3.5562 0 0
1286 3.0518 3.8539 0 0
1287 4.7884 4.3741 0 0
1288 2.9857 4.5189 0 0
1289 3.1289 4.7438 0 0
1290 1.9937 4.5676 0 0
1291 1.6031 3.5624 0 0
1292 1.4618 3.7792 0 0
1293 0.6424 4.7601 0 0
1294 4.5785 3.5099 0 0
1295 0.1988 4.1190 0 0
1296 0.1988 4.3690 0 0
1297 0.2351 3.1452 0 0
1298 0.2351 3.3952 0 0
1299 4.1273 4.7921 0 0
1300 4.3773 4.7921 0 0
1301 4.7938 3.3828 0 0
1302 4.7938 3.1328 0 0
1303 1.8580 3.1572 0 0
1304 1.7291 3.3683 0 0
1305 1.8401 3.5755 0 0
1306 3.0023 2.8853 0 0
1307 0.4022 4.0061 0 0
1308 0.4386 3.5323 0 0
1309 2.8702 3.9414 0 0
1310 3.8672 2.6645 0 0
1311 3.6172 2.6645 0 0
1312 3.6721 3.9574 0 0
1313 2.8750 2.6631 0 0
1314 2.6250 2.6631 0 0
1315 4.8170 4.8170 0 0
1316 4.8170 4.5670 0 0
1317 4.5670 4.8170 0 0
1318 4.8170 2.6830 0 0
1319 4.5670 2.6830 0 0
1320 0.1830 4.8170 0 0
1321 0.4330 4.8170 0 0
1322 0.1830 2.6830 0 0
1323 0.1830 2.9330 0 0
1324 0.4330 2.6830 0 0
1325 4.8170 2.9330 0 0
1326 0.1830 4.5670 0 0
1327 1.6138 3.9787 0 0
1328 1.8375 3.9577 0 0
1329 1.7372 4.1668 0 0
1330 1.2008 4.4000 0 0
1331 1.3955 4.3850 0 0
1332 1.6318 4.3808 0 0
1333 1.3615 3.9883 0 0
1334 0.5955 3.9023 0 0
1335 1.8555 4.3598 0 0
1336 0.9926 3.7170 0 0
1337 0.5913 3.7097 0 0
1338 0.9968 3.9096 0 0
1339 0.7799 3.8378 0 0
1340 2.0309 3.5743 0 0
1341 1.9048 3.7683 0 0
1342 0.4181 3.0782 0 0
1343 0.3818 4.4360 0 0
1344 4.4443 4.6091 0 0
1345 4.6108 3.0659 0 0
1346 2.0283 3.9565 0 0
1347 0.5591 2.8947 0 0
1348 4.6054 4.4411 0 0
1349 0.5754 4.5771 0 0
1350 4.4190 2.9094 0 0
1351 2.2628 3.9001 0 0
1352 2.2515 3.6364 0 0
1353 1.1669 4.0033 0 0
1354 1.3189 4.2029 0 0
1355 3.8683 4.4335 0 0
1356 3.9836 4.4415 0 0
1357 3.9087 4.5599 0 0
1358 4.0584 4.3232 0 0
1359 4.0988 4.4496 0 0
1360 4.0180 4.1967 0 0
1361 4.1333 4.2048 0 0
1362 4.2141 4.4577 0 0
1363 4.1393 4.5761 0 0
1364 2.5009 4.1624 0 0
1365 2.4528 4.2944 0 0
1366 2.3818 4.1652 0 0
1367 2.5237 4.4237 0 0
1368 2.4046 4.4265 0 0
1369 2.6428 4.4208 0 0
1370 2.5946 4.5529 0 0
1371 2.3564 4.5585 0 0
1372 2.2855 4.4293 0 0
1373 3.9056 4.2183 0 0
1374 3.9805 4.0999 0 0
1375 3.8307 4.3367 0 0
1376 3.7932 4.2399 0 0
1377 3.7558 4.4551 0 0
1378 3.6807 4.2615 0 0
1379 3.7556 4.1431 0 0
1380 2.4366 3.0417 0 0
1381 2.4604 3.1742 0 0
1382 2.3360 3.1083 0 0
1383 2.5848 3.2400 0 0
1384 2.4842 3.3066 0 0
1385 2.6855 3.1735 0 0
1386 2.7092 3.3059 0 0
1387 2.5079 3.4391 0 0
1388 2.3835 3.3732 0 0
1389 4.1866 3.0896 0 0
1390 4.0639 3.1634 0 0
1391 4.0815 3.0266 0 0
1392 4.0464 3.3002 0 0
1393 3.9413 3.2371 0 0
1394 4.1515 3.3632 0 0
1395 4.0289 3.4370 0 0
1396 3.8187 3.3109 0 0
1397 3.8362 3.1741 0 0
1398 2.6896 4.3223 0 0
1399 2.7605 4.4515 0 0
1400 2.6187 4.1930 0 0
1401 2.7364 4.2237 0 0
1402 2.5477 4.0638 0 0
1403 2.7833 4.1251 0 0
1404 2.8542 4.2543 0 0
1405 2.6705 3.0702 0 0
1406 2.7949 3.1361 0 0
1407 2.5461 3.0043 0 0
1408 2.6555 2.9669 0 0
1409 2.4217 2.9384 0 0
1410 2.6406 2.8637 0 0
1411 2.7650 2.9295 0 0
1412 3.9640 2.9956 0 0
1413 4.0867 2.9219 0 0
1414 3.8414 3.0694 0 0
1415 3.8466 2.9647 0 0
1416 3.7188 3.1431 0 0
1417 3.7292 2.9337 0 0
1418 3.8519 2.8600 0 0
1419 3.3693 3.0202 0 0
1420 3.3723 3.1559 0 0
1421 3.2575 3.0800 0 0
1422 3.4870 3.2318 0 0
1423 3.3752 3.2916 0 0
1424 3.5988 3.1720 0 0
1425 3.6018 3.3077 0 0
1426 3.3782 3.4273 0 0
1427 3.2634 3.3514 0 0
1428 3.1464 3.1537 0 0
1429 3.1434 3.0180 0 0
1430 3.1493 3.2894 0 0
1431 3.0352 3.2275 0 0
1432 3.1522 3.4251 0 0
1433 2.9240 3.3013 0 0
1434 2.9211 3.1656 0 0
1435 0.8119 3.0234 0 0
1436 0.7414 3.1152 0 0
1437 0.6817 3.0151 0 0
1438 0.8011 3.2152 0 0
1439 0.6709 3.2069 0 0
1440 0.9314 3.2235 0 0
1441 0.8609 3.3152 0 0
1442 0.6005 3.2986 0 0
1443 0.5407 3.1986 0 0
1444 4.2139 4.1208 0 0
1445 4.2543 4.2472 0 0
1446 4.3753 4.2897 0 0
1447 4.2947 4.3737 0 0
1448 4.4558 4.2057 0 0
1449 4.4962 4.3321 0 0
1450 4.3351 4.5002 0 0
1451 3.2594 4.3609 0 0
1452 3.3557 4.2802 0 0
1453 3.3541 4.4069 0 0
1454 3.3574 4.1535 0 0
1455 3.4521 4.1995 0 0
1456 3.2626 4.1075 0 0
1457 3.3590 4.0268 0 0
1458 3.5485 4.1188 0 0
1459 3.5468 4.2455 0 0
1460 4.2649 3.3046 0 0
1461 4.2474 3.4414 0 0
1462 4.2824 3.1678 0 0
1463 4.3783 3.2461 0 0
1464 4.3000 3.0311 0 0
1465 4.4917 3.1875 0 0
1466 4.4742 3.3243 0 0
1467 2.2494 3.2097 0 0
1468 2.2257 3.0772 0 0
1469 2.2732 3.3421 0 0
1470 2.1629 3.3111 0 0
1471 2.2970 3.4746 0 0
1472 2.0764 3.4125 0 0
1473 2.0526 3.2800 0 0
1474 3.1718 4.1513 0 0
1475 3.1734 4.0245 0 0
1476 3.1702 4.2780 0 0
1477 3.0810 4.1950 0 0
1478 3.1686 4.4047 0 0
1479 2.9902 4.2387 0 0
1480 2.9918 4.1120 0 0
1481 0.6879 4.4497 0 0
1482 0.6878 4.3272 0 0
1483 0.7846 4.3978 0 0
1484 0.5910 4.2567 0 0
1485 0.6876 4.2047 0 0
1486 0.4944 4.3086 0 0
1487 0.4942 4.1861 0 0
1488 0.6875 4.0823 0 0
1489 0.7842 4.1528 0 0
1490 0.6768 3.3874 0 0
1491 0.5466 3.3791 0 0
1492 0.8070 3.3957 0 0
1493 0.7531 3.4761 0 0
1494 0.9372 3.4040 0 0
1495 0.8295 3.5649 0 0
1496 0.6993 3.5566 0 0
1497 2.2646 4.1934 0 0
1498 2.3127 4.0613 0 0
1499 2.2164 4.3254 0 0
1500 2.1473 4.2215 0 0
1501 2.1682 4.4574 0 0
1502 2.0301 4.2497 0 0
1503 2.0782 4.1177 0 0
1504 3.1596 3.5470 0 0
1505 3.0455 3.4851 0 0
1506 2.9388 3.5451 0 0
1507 2.9314 3.4232 0 0
1508 2.9461 3.6670 0 0
1509 2.8320 3.6051 0 0
1510 2.8173 3.3612 0 0
1511 2.7166 3.4278 0 0
1512 2.7240 3.5497 0 0
1513 2.6160 3.4944 0 0
1514 2.7314 3.6717 0 0
1515 2.5153 3.5610 0 0
1516 3.6595 4.5358 0 0
1517 3.6219 4.4390 0 0
1518 3.4880 4.4230 0 0
1519 3.5844 4.3422 0 0
1520 3.3917 4.5037 0 0
1521 0.8694 4.3222 0 0
1522 0.8696 4.4446 0 0
1523 0.8693 4.1997 0 0
1524 0.9543 4.2466 0 0
1525 0.8691 4.0772 0 0
1526 1.0392 4.1710 0 0
1527 1.0393 4.2935 0 0
1528 2.5210 3.6929 0 0
1529 2.4130 3.6375 0 0
1530 2.6290 3.7482 0 0
1531 2.5267 3.8247 0 0
1532 2.7371 3.8035 0 0
1533 2.5323 3.9566 0 0
1534 2.4243 3.9013 0 0
1535 3.6040 3.0672 0 0
1536 3.4893 2.9914 0 0
1537 3.6093 2.9625 0 0
1538 3.3746 2.9155 0 0
1539 3.6145 2.8578 0 0
1540 1.1875 2.6083 0 0
1541 1.0625 2.6083 0 0
1542 1.3125 2.6083 0 0
1543 1.2500 2.7165 0 0
1544 1.4375 2.6083 0 0
1545 1.3125 2.8248 0 0
1546 1.1875 2.8248 0 0
1547 1.4375 2.8248 0 0
1548 1.3750 2.9330 0 0
1549 1.5000 2.7165 0 0
1550 1.5625 2.8248 0 0
1551 1.5625 2.6083 0 0
1552 1.6875 2.8248 0 0
1553 1.6250 2.9330 0 0
1554 1.0005 2.7141 0 0
1555 0.9380 2.6058 0 0
1556 1.0630 2.8224 0 0
1557 0.9386 2.8199 0 0
1558 1.1255 2.9306 0 0
1559 0.8766 2.9258 0 0
1560 0.8141 2.8175 0 0
1561 1.4316 3.2497 0 0
1562 1.4961 3.1441 0 0
1563 1.5566 3.2497 0 0
1564 1.4355 3.0386 0 0
1565 1.5605 3.0386 0 0
1566 1.3105 3.0386 0 0
1567 1.6855 3.0386 0 0
1568 4.4502 3.8351 0 0
1569 4.3414 3.7716 0 0
1570 4.4605 3.6906 0 0
1571 4.2223 3.8527 0 0
1572 4.2326 3.7081 0 0
1573 4.2120 3.9973 0 0
1574 4.1032 3.9337 0 0
1575 4.1237 3.6446 0 0
1576 4.2428 3.5635 0 0
1577 1.3194 4.8955 0 0
1578 1.4444 4.8955 0 0
1579 1.1944 4.8955 0 0
1580 1.2637 4.7911 0 0
1581 1.0694 4.8955 0 0
1582 1.2081 4.6866 0 0
1583 1.3331 4.6866 0 0
1584 2.6603 4.6626 0 0
1585 2.5412 4.6654 0 0
1586 2.4878 4.7778 0 0
1587 2.4221 4.6682 0 0
1588 2.5534 4.8875 0 0
1589 2.4343 4.8903 0 0
1590 2.3030 4.6710 0 0
1591 3.1887 2.6111 0 0
1592 3.0637 2.6111 0 0
1593 3.3137 2.6111 0 0
1594 3.2523 2.7221 0 0
1595 3.4387 2.6111 0 0
1596 3.3160 2.8332 0 0
1597 3.1910 2.8332 0 0
1598 0.9363 3.0258 0 0
1599 1.0608 3.0282 0 0
1600 0.9961 3.1259 0 0
1601 1.1853 3.0306 0 0
1602 1.0558 3.2259 0 0
1603 0.1017 3.8185 0 0
1604 0.1017 3.9435 0 0
1605 0.1017 3.6935 0 0
1606 0.2034 3.7621 0 0
1607 0.1017 3.5685 0 0
1608 0.3052 3.7056 0 0
1609 0.3052 3.8306 0 0
1610 4.5712 3.8776 0 0
1611 4.4521 3.9587 0 0
1612 4.4540 4.0822 0 0
1613 4.3330 4.0397 0 0
1614 4.5749 4.1246 0 0
1615 3.7104 3.3734 0 0
1616 3.5986 3.4332 0 0
1617 3.5955 3.5587 0 0
1618 3.4868 3.4930 0 0
1619 3.7041 3.6245 0 0
1620 3.5923 3.6843 0 0
1621 3.3750 3.5528 0 0
1622 1.8125 4.8935 0 0
1623 1.9375 4.8935 0 0
1624 1.6875 4.8935 0 0
1625 1.7500 4.7869 0 0
1626 1.5625 4.8935 0 0
1627 1.6875 4.6804 0 0
1628 1.8125 4.6804 0 0
1629 0.9462 4.8801 0 0
1630 1.0155 4.7756 0 0
1631 0.9617 4.6556 0 0
1632 1.0849 4.6711 0 0
1633 0.8385 4.6402 0 0
1634 0.9079 4.5357 0 0
1635 1.1543 4.5666 0 0
1636 4.6770 3.8156 0 0
1637 4.6789 3.9391 0 0
1638 4.7865 4.0006 0 0
1639 4.6807 4.0626 0 0
1640 4.8923 3.9385 0 0
1641 4.8942 4.0620 0 0
1642 4.6826 4.1861 0 0
1643 3.7200 4.6639 0 0
1644 3.5861 4.6478 0 0
1645 3.5128 4.7599 0 0
1646 3.4522 4.6318 0 0
1647 3.5733 4.8880 0 0
1648 3.4394 4.8719 0 0
1649 3.3183 4.6157 0 0
1650 3.8233 4.8880 0 0
1651 3.9483 4.8880 0 0
1652 3.6983 4.8880 0 0
1653 3.7717 4.7759 0 0
1654 3.8450 4.6639 0 0
1655 2.8034 4.8875 0 0
1656 2.9284 4.8875 0 0
1657 2.6784 4.8875 0 0
1658 2.7318 4.7750 0 0
1659 2.7853 4.6626 0 0
1660 2.3093 4.8903 0 0
1661 2.1843 4.8903 0 0
1662 2.2437 4.7807 0 0
1663 2.0593 4.8903 0 0
1664 2.1780 4.6710 0 0
1665 4.1760 2.6132 0 0
1666 4.0510 2.6132 0 0
1667 4.3010 2.6132 0 0
1668 4.2270 2.7264 0 0
1669 4.4260 2.6132 0 0
1670 4.2781 2.8396 0 0
1671 4.1531 2.8396 0 0
1672 2.2031 2.6190 0 0
1673 2.0781 2.6190 0 0
1674 2.3281 2.6190 0 0
1675 2.2811 2.7379 0 0
1676 2.4531 2.6190 0 0
1677 2.3592 2.8569 0 0
1678 2.2342 2.8569 0 0
1679 1.6875 2.6083 0 0
1680 1.8125 2.6083 0 0
1681 1.7500 2.7165 0 0
1682 1.9375 2.6083 0 0
1683 1.8125 2.8248 0 0
1684 4.0155 3.7071 0 0
1685 4.0257 3.5625 0 0
1686 4.0052 3.8517 0 0
1687 3.9072 3.7696 0 0
1688 3.9949 3.9962 0 0
1689 3.7990 3.8321 0 0
1690 3.8092 3.6875 0 0
1691 3.3745 3.6762 0 0
1692 3.2658 3.6105 0 0
1693 3.4831 3.7420 0 0
1694 3.3739 3.7997 0 0
1695 3.5918 3.8077 0 0
1696 3.3734 3.9231 0 0
1697 3.2648 3.8574 0 0
1698 1.5694 4.6824 0 0
1699 1.6319 4.5759 0 0
1700 1.5069 4.7890 0 0
1701 1.4512 4.6845 0 0
1702 1.3956 4.5800 0 0
1703 2.0156 2.7272 0 0
1704 2.0936 2.8462 0 0
1705 1.9531 2.8355 0 0
1706 2.1717 2.9651 0 0
1707 1.8906 2.9437 0 0
1708 0.6880 2.6058 0 0
1709 0.5630 2.6058 0 0
1710 0.8130 2.6058 0 0
1711 0.7511 2.7117 0 0
1712 0.6891 2.8175 0 0
1713 4.8923 3.6885 0 0
1714 4.8923 3.5635 0 0
1715 4.8923 3.8135 0 0
1716 4.7847 3.7520 0 0
1717 4.6770 3.6906 0 0
1718 1.1164 3.3315 0 0
1719 1.1710 3.4478 0 0
1720 1.0457 3.4399 0 0
1721 1.2962 3.4557 0 0
1722 1.2256 3.5641 0 0
1723 1.3669 3.3473 0 0
1724 1.4215 3.4636 0 0
1725 1.2802 3.6804 0 0
1726 1.1549 3.6725 0 0
1727 3.1591 3.6705 0 0
1728 3.1586 3.7939 0 0
1729 3.0524 3.7305 0 0
1730 3.1580 3.9174 0 0
1731 2.9456 3.7904 0 0
1732 4.8942 4.1870 0 0
1733 4.8942 4.3120 0 0
1734 4.7884 4.2491 0 0
1735 4.8942 4.4370 0 0
1736 4.6826 4.3111 0 0
1737 2.9929 4.7594 0 0
1738 3.0644 4.8719 0 0
1739 2.9213 4.6470 0 0
1740 3.0573 4.6313 0 0
1741 2.8497 4.5345 0 0
1742 3.1217 4.5033 0 0
1743 3.1933 4.6157 0 0
1744 1.9968 4.7838 0 0
1745 1.9343 4.6772 0 0
1746 2.0562 4.6741 0 0
1747 1.8718 4.5707 0 0
1748 2.1155 4.5644 0 0
1749 3.9206 3.4995 0 0
1750 3.8124 3.5620 0 0
1751 3.8155 3.4364 0 0
1752 1.4063 3.6756 0 0
1753 1.3357 3.7840 0 0
1754 1.4770 3.5672 0 0
1755 1.5324 3.6708 0 0
1756 1.5476 3.4588 0 0
1757 1.6586 3.6660 0 0
1758 1.5879 3.7744 0 0
1759 3.3144 4.8719 0 0
1760 3.1894 4.8719 0 0
1761 3.2539 4.7438 0 0
1762 0.8212 4.8801 0 0
1763 0.6962 4.8801 0 0
1764 0.7674 4.7601 0 0
1765 0.5712 4.8801 0 0
1766 0.7135 4.6402 0 0
1767 1.1811 3.2338 0 0
1768 1.2458 3.1362 0 0
1769 1.3063 3.2418 0 0
1770 3.0326 4.4203 0 0
1771 2.8965 4.4359 0 0
1772 2.9434 4.3373 0 0
1773 4.4651 3.5685 0 0
1774 4.5739 3.6320 0 0
1775 4.3562 3.5049 0 0
1776 4.4696 3.4464 0 0
1777 4.5831 3.3878 0 0
1778 0.0994 4.3095 0 0
1779 0.0994 4.4345 0 0
1780 0.0994 4.1845 0 0
1781 0.1988 4.2440 0 0
1782 0.0994 4.0595 0 0
1783 0.2982 4.1785 0 0
1784 0.2982 4.3035 0 0
1785 0.1176 3.3226 0 0
1786 0.1176 3.4476 0 0
1787 0.1176 3.1976 0 0
1788 0.2351 3.2702 0 0
1789 0.1176 3.0726 0 0
1790 0.3527 3.2178 0 0
1791 0.3527 3.3428 0 0
1792 4.3136 4.8960 0 0
1793 4.4386 4.8960 0 0
1794 4.1886 4.8960 0 0
1795 4.2523 4.7921 0 0
1796 4.0636 4.8960 0 0
1797 4.1909 4.6881 0 0
1798 4.3159 4.6881 0 0
1799 4.8969 3.1914 0 0
1800 4.8969 3.0664 0 0
1801 4.8969 3.3164 0 0
1802 4.7938 3.2578 0 0
1803 4.8969 3.4414 0 0
1804 4.6907 3.3243 0 0
1805 4.6907 3.1993 0 0
1806 1.9446 3.0558 0 0
1807 1.8040 3.0451 0 0
1808 2.0851 3.0665 0 0
1809 1.9986 3.1679 0 0
1810 1.9121 3.2693 0 0
1811 1.7216 3.5689 0 0
1812 1.7770 3.6725 0 0
1813 1.6661 3.4654 0 0
1814 1.7846 3.4719 0 0
1815 1.6106 3.3618 0 0
1816 1.8476 3.3749 0 0
1817 1.9031 3.4785 0 0
1818 3.0173 2.9885 0 0
1819 3.1285 2.9148 0 0
1820 2.9061 3.0623 0 0
1821 2.8911 2.9590 0 0
1822 2.8762 2.8558 0 0
1823 0.2011 4.0030 0 0
1824 0.3028 3.9466 0 0
1825 0.3005 4.0626 0 0
1826 0.4046 3.8901 0 0
1827 0.3999 4.1221 0 0
1828 4.0120 4.7840 0 0
1829 3.9603 4.6720 0 0
1830 4.0756 4.6800 0 0
1831 4.7892 3.5049 0 0
1832 4.6816 3.5685 0 0
1833 4.6862 3.4464 0 0
1834 0.3210 3.5847 0 0
1835 0.4227 3.6532 0 0
1836 0.2193 3.5161 0 0
1837 0.3368 3.4637 0 0
1838 0.4544 3.4113 0 0
1839 2.6501 3.9873 0 0
1840 2.7525 3.9107 0 0
1841 2.7679 4.0179 0 0
1842 2.8548 3.8342 0 0
1843 2.8856 4.0486 0 0
1844 3.9846 2.6955 0 0
1845 3.9336 2.5822 0 0
1846 4.0357 2.8087 0 0
1847 3.9182 2.7777 0 0
1848 3.8008 2.7467 0 0
1849 3.4359 2.8044 0 0
1850 3.4973 2.6933 0 0
1851 3.5559 2.7756 0 0
1852 3.5586 2.5822 0 0
1853 3.6758 2.7467 0 0
1854 3.7845 3.9358 0 0
1855 3.6865 3.8537 0 0
1856 3.8825 4.0178 0 0
1857 3.7701 4.0394 0 0
1858 3.6576 4.0611 0 0
1859 3.0012 2.6926 0 0
1860 2.9375 2.5816 0 0
1861 3.0648 2.8037 0 0
1862 2.9387 2.7742 0 0
1863 2.8125 2.7447 0 0
1864 2.4686 2.8195 0 0
1865 2.5156 2.7005 0 0
1866 2.5781 2.7821 0 0
1867 2.5625 2.5816 0 0
1868 2.6875 2.7447 0 0
1869 4.9085 4.6585 0 0
1870 4.9085 4.5335 0 0
1871 4.9085 4.7835 0 0
1872 4.8170 4.6920 0 0
1873 4.9085 4.9085 0 0
1874 4.7255 4.7255 0 0
1875 4.7255 4.6005 0 0
1876 4.7835 4.9085 0 0
1877 4.6585 4.9085 0 0
1878 4.6920 4.8170 0 0
1879 4.5335 4.9085 0 0
1880 4.6005 4.7255 0 0
1881 4.6585 2.5915 0 0
1882 4.5335 2.5915 0 0
1883 4.7835 2.5915 0 0
1884 4.6920 2.6830 0 0
1885 4.9085 2.5915 0 0
1886 4.7255 2.7745 0 0
1887 4.6005 2.7745 0 0
1888 0.3415 4.9085 0 0
1889 0.4665 4.9085 0 0
1890 0.2165 4.9085 0 0
1891 0.3080 4.8170 0 0
1892 0.0915 4.9085 0 0
1893 0.2745 4.7255 0 0
1894 0.3995 4.7255 0 0
1895 0.0915 2.8415 0 0
1896 0.0915 2.9665 0 0
1897 0.0915 2.7165 0 0
1898 0.1830 2.8080 0 0
1899 0.0915 2.5915 0 0
1900 0.2745 2.7745 0 0
1901 0.2745 2.8995 0 0
1902 0.2165 2.5915 0 0
1903 0.3415 2.5915 0 0
1904 0.3080 2.6830 0 0
1905 0.4665 2.5915 0 0
1906 0.3995 2.7745 0 0
1907 4.9085 2.7165 0 0
1908 4.9085 2.8415 0 0
1909 4.8170 2.8080 0 0
1910 4.9085 2.9665 0 0
1911 4.7255 2.8995 0 0
1912 0.0915 4.7835 0 0
1913 0.0915 4.6585 0 0
1914 0.1830 4.6920 0 0
1915 0.0915 4.5335 0 0
1916 0.2745 4.6005 0 0
1917 1.5637 4.0833 0 0
1918 1.6755 4.0728 0 0
1919 1.6254 4.1773 0 0
1920 1.7256 3.9682 0 0
1921 1.7874 4.0623 0 0
1922 1.6639 3.8741 0 0
1923 1.7758 3.8636 0 0
1924 1.8992 4.0518 0 0
1925 1.8491 4.1563 0 0
1926 1.6751 3.2562 0 0
1927 1.7396 3.1507 0 0
1928 1.7936 3.2628 0 0
1929 1.1160 4.4756 0 0
1930 1.2392 4.4910 0 0
1931 0.9928 4.4601 0 0
1932 1.0776 4.3845 0 0
1933 1.1625 4.3089 0 0
1934 1.5728 4.4794 0 0
1935 1.6909 4.4773 0 0
1936 1.4546 4.4815 0 0
1937 1.5136 4.3829 0 0
1938 1.3365 4.4835 0 0
1939 1.4545 4.2864 0 0
1940 1.5726 4.2843 0 0
1941 1.4117 3.8837 0 0
1942 1.2856 3.8885 0 0
1943 1.5378 3.8789 0 0
1944 1.4877 3.9835 0 0
1945 1.4375 4.0881 0 0
1946 0.4965 4.0701 0 0
1947 0.4989 3.9542 0 0
1948 0.5932 4.0182 0 0
1949 0.5012 3.8382 0 0
1950 0.6898 3.9663 0 0
1951 1.7436 4.3703 0 0
1952 1.8027 4.4668 0 0
1953 1.6845 4.2738 0 0
1954 1.7964 4.2633 0 0
1955 1.9082 4.2528 0 0
1956 2.0464 4.4606 0 0
1957 1.9246 4.4637 0 0
1958 1.9773 4.3567 0 0
1959 0.9918 3.5203 0 0
1960 1.0465 3.6366 0 0
1961 0.9380 3.6007 0 0
1962 1.1011 3.7529 0 0
1963 0.8841 3.6812 0 0
1964 0.5149 3.6210 0 0
1965 0.4991 3.7420 0 0
1966 0.5308 3.5000 0 0
1967 0.6071 3.5888 0 0
1968 0.6834 3.6775 0 0
1969 2.9610 3.8976 0 0
1970 3.0672 3.9611 0 0
1971 2.9764 4.0048 0 0
1972 3.6836 2.5822 0 0
1973 3.8086 2.5822 0 0
1974 3.7422 2.6645 0 0
1975 1.1032 3.8492 0 0
1976 0.9947 3.8133 0 0
1977 0.8883 3.8737 0 0
1978 0.8862 3.7774 0 0
1979 0.8905 3.9700 0 0
1980 0.7820 3.9341 0 0
1981 0.7777 3.7416 0 0
1982 3.4682 3.9691 0 0
1983 3.5773 3.9114 0 0
1984 3.5629 4.0151 0 0
1985 2.6875 2.5816 0 0
1986 2.8125 2.5816 0 0
1987 2.7500 2.6631 0 0
1988 1.8725 3.6719 0 0
1989 1.8094 3.7690 0 0
1990 1.9355 3.5749 0 0
1991 1.9679 3.6713 0 0
1992 1.9985 3.4778 0 0
1993 2.0633 3.6707 0 0
1994 2.0003 3.7677 0 0
1995 0.3266 3.1117 0 0
1996 0.4442 3.1843 0 0
1997 0.2091 3.0391 0 0
1998 0.3006 3.0056 0 0
1999 0.3921 2.9721 0 0
2000 0.1909 4.4680 0 0
2001 0.2903 4.4025 0 0
2002 0.2824 4.5015 0 0
2003 0.3897 4.3370 0 0
2004 0.3739 4.5350 0 0
2005 4.4721 4.8045 0 0
2006 4.4108 4.7006 0 0
2007 4.5056 4.7130 0 0
2008 4.3494 4.5966 0 0
2009 4.5391 4.6215 0 0
2010 4.8054 3.0329 0 0
2011 4.7023 3.0994 0 0
2012 4.7139 2.9994 0 0
2013 4.5992 3.1658 0 0
2014 4.6224 2.9659 0 0
2015 1.9329 3.9571 0 0
2016 1.9946 4.0511 0 0
2017 1.8712 3.8630 0 0
2018 1.9666 3.8624 0 0
2019 2.0620 3.8618 0 0
2020 0.5295 2.6974 0 0
2021 0.5926 2.8032 0 0
2022 0.4960 2.7889 0 0
2023 0.6556 2.9090 0 0
2024 0.4625 2.8804 0 0
2025 4.6969 4.4076 0 0
2026 4.5911 4.3446 0 0
2027 4.8027 4.4705 0 0
2028 4.7112 4.5040 0 0
2029 4.6197 4.5375 0 0
2030 0.6089 4.6686 0 0
2031 0.6800 4.5487 0 0
2032 0.5377 4.7886 0 0
2033 0.5042 4.6970 0 0
2034 0.4707 4.6055 0 0
2035 4.3855 2.8179 0 0
2036 4.3116 2.9311 0 0
2037 4.4595 2.7047 0 0
2038 4.4930 2.7962 0 0
2039 4.5265 2.8877 0 0
2040 2.3351 3.7029 0 0
2041 2.3294 3.5710 0 0
2042 2.3407 3.8348 0 0
2043 2.2572 3.7683 0 0
2044 2.3464 3.9667 0 0
2045 2.1792 3.8336 0 0
2046 2.1736 3.7018 0 0
2047 2.2292 3.9948 0 0
2048 2.1119 4.0230 0 0
2049 2.1456 3.9283 0 0
2050 0.5851 3.0008 0 0
2051 0.5147 3.0925 0 0
2052 0.4886 2.9864 0 0
2053 0.4865 4.4076 0 0
2054 0.5833 4.4781 0 0
2055 0.4786 4.5066 0 0
2056 4.4300 4.5126 0 0
2057 4.5105 4.4286 0 0
2058 4.5248 4.5251 0 0
2059 4.5033 3.0876 0 0
2060 4.4074 3.0094 0 0
2061 4.5149 2.9876 0 0
2062 0.9755 4.0168 0 0
2063 1.0819 3.9564 0 0
2064 1.0605 4.0637 0 0
2065 1.1882 3.8960 0 0
2066 1.1455 4.1106 0 0
2067 2.1088 3.5089 0 0
2068 2.2191 3.5400 0 0
2069 2.1412 3.6053 0 0
2070 1.2642 3.9958 0 0
2071 1.3402 4.0956 0 0
2072 1.2429 4.1031 0 0
2073 1.4162 4.1953 0 0
2074 1.2215 4.2104 0 0
2075 0.6877 3.8700 0 0
2076 0.5934 3.8060 0 0
2077 0.6856 3.7738 0 0
2078 1.3572 4.2939 0 0
2079 1.2982 4.3925 0 0
2080 1.2598 4.3014 0 0
