64 0.000000 0.000000
65 0.000000 0.000000
773 0.000000 0.000000
774 0.000000 0.000000
775 0.000000 0.000000
776 0.000000 0.000000
777 0.000000 0.000000
778 0.000000 0.000000
779 0.000000 0.000000
780 0.000000 0.000000
64 0.000000 0.000000
76 0.000000 0.000000
919 0.000000 0.000000
920 0.000000 0.000000
921 0.000000 0.000000
922 0.000000 0.000000
923 0.000000 0.000000
924 0.000000 0.000000
925 0.000000 0.000000
926 0.000000 0.000000
928 0.000000 0.000000
929 0.000000 0.000000
930 0.000000 0.000000
931 0.000000 0.000000
932 0.000000 0.000000
933 0.000000 0.000000
934 0.000000 0.000000
77 0.000000 0.000000
78 0.000000 0.000000
927 0.000000 0.000000
77 0.000000 0.000000
1073 0.000000 0.000000
1074 0.000000 0.000000
1075 0.000000 0.000000
1076 0.000000 0.000000
1077 0.000000 0.000000
1078 0.000000 0.000000
1079 0.000000 0.000000
1080 0.000000 0.000000
89 0.000000 0.000000
1088 0.000000 0.000000
1082 0.000000 0.000000
91 0.000000 0.000000
1081 0.000000 0.000000
90 0.000000 0.000000
1083 0.000000 0.000000
1084 0.000000 0.000000
1085 0.000000 0.000000
1086 0.000000 0.000000
1087 0.000000 0.000000
102 0.000000 0.000000
1227 0.000000 0.000000
1228 0.000000 0.000000
1229 0.000000 0.000000
1230 0.000000 0.000000
1231 0.000000 0.000000
1232 0.000000 0.000000
1233 0.000000 0.000000
1234 0.000000 0.000000
90 0.000000 0.000000
103 0.000000 0.000000
104 0.000000 0.000000
1235 0.000000 0.000000
1236 0.000000 0.000000
1237 0.000000 0.000000
1238 0.000000 0.000000
1239 0.000000 0.000000
1240 0.000000 0.000000
1241 0.000000 0.000000
1242 0.000000 0.000000
1381 0.000000 0.000000
1382 0.000000 0.000000
1383 0.000000 0.000000
1384 0.000000 0.000000
1385 0.000000 0.000000
1386 0.000000 0.000000
1387 0.000000 0.000000
1388 0.000000 0.000000
103 0.000000 0.000000
115 0.000000 0.000000
